0.764824 -0.516996 -0.378827 
0.817292 -0.495555 -0.299537 
0.541911 0.82 0.21055 
0.934022 -0.0635104 -0.3425 
0.806476 -0.503704 -0.317555 
0.79 -0.51202 -0.3425 
0.792554 -0.50865 -0.348793 
0.921796 -0.0719616 -0.378069 
0.949047 -0.286841 -0.0488315 
0.86 -0.468603 -0.187962 
0.946959 -0.293983 -0.0431557 
0.937687 -0.0468352 -0.365053 
0.903842 -0.0819351 -0.4003 
0.897713 -0.428597 -0.0230443 
0.906057 -0.425938 0.0025 
0.898233 -0.431207 -0.0066187 
0.900795 -0.426823 0.0025 
0.935251 -0.0600482 -0.3425 
0.967804 -0.03 -0.233098 
0.938723 -0.042391 -0.361987 
0.923729 -0.0567709 -0.368823 
0.934106 -0.0629123 -0.3425 
0.93 -0.0919954 -0.3425 
0.971121 -0.03 -0.24302 
0.966635 -0.03 -0.237502 
0.968142 -0.03 -0.24841 
0.973866 0.00822949 -0.208825 
0.967804 -0.03 -0.233098 
0.984557 0.0349643 -0.167832 
0.98802 0.0315762 -0.17 
0.975034 -0.0117194 -0.225701 
0.935953 -0.0508396 -0.365836 
0.93 -0.0573972 -0.366371 
0.959507 -0.03 -0.280906 
0.98518 0.0340328 -0.17 
0.990113 0.0476972 -0.142609 
0.954728 -0.0574215 -0.281054 
0.974419 -0.0114026 -0.2251 
0.989427 0.0386211 -0.163727 
0.955329 -0.0324918 -0.299198 
0.971046 -0.03 -0.237256 
0.967804 -0.03 -0.233098 
0.97314 -0.03 -0.235044 
0.966966 -0.03 -0.236255 
0.97314 -0.03 -0.235044 
0.967804 -0.03 -0.233098 
0.986475 0.0306948 -0.176192 
0.948893 -0.0909827 -0.27189 
0.960398 -0.0222142 -0.28458 
0.967804 -0.03 -0.233098 
0.97484 -0.0226929 -0.227585 
0.97314 -0.03 -0.235044 
0.967804 -0.03 -0.233098 
0.987935 0.0347417 -0.17 
0.99152 0.0459376 -0.149539 
0.899929 -0.426738 -0.00710975 
0.900892 -0.426725 0.00428764 
0.933422 -0.0677576 -0.3425 
0.971387 -0.03 -0.219607 
0.902669 -0.425293 -0.00323006 
0.899771 -0.421513 0.0336902 
0.980881 0.0247712 -0.17 
0.966237 -0.0192035 -0.235786 
0.898335 -0.391669 0.165444 
0.970058 -0.0258667 -0.223382 
0.93 -0.0553186 -0.367496 
0.935661 -0.0509165 -0.364637 
0.974898 -0.03 -0.228103 
0.894739 -0.40369 0.154474 
0.970012 -0.03 -0.224783 
0.891277 -0.390702 0.197223 
0.949646 -0.0788777 -0.275491 
0.897329 -0.391819 0.175 
0.903912 -0.362639 0.2325 
0.90942 -0.36554 0.207683 
0.88834 -0.394071 0.202787 
0.966447 -0.03 -0.246944 
0.910482 -0.410296 0.0681711 
0.898747 -0.407573 0.0987962 
0.642596 0.564982 -0.509112 
0.899939 -0.396557 0.130057 
0.93 -0.364232 0.134705 
0.897162 -0.403108 0.175 
0.65 0.549898 -0.516051 
0.633187 0.542666 -0.539643 
0.653422 0.497436 -0.581193 
0.65 0.492631 -0.58942 
0.921123 -0.36345 0.193201 
0.900892 -0.378256 0.1893 
0.65 0.498409 -0.583642 
0.65 0.499088 -0.582962 
0.93 -0.359088 0.151457 
0.65 0.497571 -0.581948 
0.642958 0.497411 -0.591682 
0.65 0.52242 -0.553689 
0.65 0.522333 -0.551086 
0.620369 0.494163 -0.596012 
0.65 0.49897 -0.583081 
0.637644 0.526781 -0.548037 
0.657002 0.5213 -0.548899 
0.65 0.49036 -0.591691 
0.638484 0.473831 -0.619736 
0.650754 0.499212 -0.582085 
0.613036 0.500899 -0.594461 
0.650533 0.493588 -0.587929 
0.6507 0.499171 -0.58218 
0.611519 0.500233 -0.596568 
0.611384 0.461979 -0.641932 
0.620318 0.492974 -0.593619 
0.637657 0.465624 -0.6256 
0.463033 -0.2425 -0.859504 
0.51 -0.169439 -0.847822 
0.486984 -0.28294 -0.819607 
0.50108 -0.153997 -0.856814 
0.445519 -0.281929 -0.844006 
0.559309 -0.0073188 -0.836876 
0.51 -0.00848943 -0.86 
0.540739 -0.03 -0.849145 
0.509368 -0.03 -0.86 
0.490331 -0.27637 -0.830886 
0.482156 -0.181971 -0.854382 
0.51 -0.267742 -0.824015 
0.495572 -0.274569 -0.828849 
0.558722 -0.0640108 -0.830534 
0.51 -0.0615267 -0.854061 
0.570059 0.00220434 -0.833502 
0.51 -0.00474891 -0.859695 
0.51 -0.288244 -0.815483 
0.508108 -0.299999 -0.811595 
0.496972 -0.307689 -0.814316 
0.460399 -0.319202 -0.818071 
0.501334 -0.296165 -0.816793 
0.555993 -0.0134542 -0.840971 
0.526367 0.102982 -0.834979 
0.51 0.0393922 -0.852774 
0.58 0.0976489 -0.819694 
0.484631 -0.777358 -0.378806 
0.516817 -0.767106 -0.397641 
0.51 -0.783861 -0.371083 
0.51 -0.780731 -0.377323 
0.51 -0.746733 -0.422885 
0.518392 -0.744081 -0.426422 
0.522538 -0.780449 -0.364333 
0.508828 -0.776625 -0.371923 
0.51 -0.741804 -0.426637 
0.51 -0.743755 -0.414412 
0.470865 -0.774594 -0.399045 
0.517755 -0.777344 -0.376284 
0.477911 -0.800062 -0.360358 
0.513527 -0.803138 -0.329101 
0.51 -0.792109 -0.354637 
0.499196 -0.805175 -0.33944 
0.505837 -0.79621 -0.350642 
0.51 -0.774751 -0.389248 
0.520192 -0.776805 -0.374909 
0.493833 -0.780498 -0.394036 
0.499348 -0.803564 -0.3425 
0.51 -0.787867 -0.363096 
0.652674 0.753149 0.0323543 
0.63871 0.759401 0.0334079 
0.673367 0.740847 0.0374692 
0.624134 0.77164 0.0359827 
0.639902 0.761508 0.0415875 
0.633736 0.77475 -0.000187499 
0.658115 0.755683 0.0025 
0.65 0.753516 0.0025 
0.642847 0.753794 0.049829 
0.655362 0.758852 0.0386425 
0.62841 0.772119 0.0025 
0.63477 0.761312 0.0453388 
0.626175 0.777551 0.0025 
0.65 0.762013 0.0012719 
0.63145 0.769941 0.0357974 
0.65 0.764033 0.0418395 
0.51 -0.748734 -0.417596 
0.514422 -0.744814 -0.42442 
0.51 -0.748281 -0.416204 
0.504818 -0.7475 -0.415151 
1 -0.00352102 0.0025 
1 -0.0147831 0.0603533 
1 -0.0224781 0.0521217 
0.991666 -0.023785 0.0826756 
0.996901 0.00327707 0.0025 
0.990364 -0.0140152 0.109849 
0.9964 0.00961619 0.0025 
0.988525 -0.024765 0.117663 
0.983074 0.0343798 0.126127 
0.990477 -0.0220487 0.0941095 
1 -0.0158545 0.0727629 
0.992186 -0.0180607 0.0851614 
0.998595 -0.0265275 0.0737564 
0.991514 -0.03 0.0896671 
0.948453 -0.03 -0.33255 
0.988009 -0.03 0.127775 
0.992174 -0.03 0.0824847 
0.989113 0.0442668 -0.145552 
0.98802 0.0316054 -0.17 
0.941437 -0.0525814 -0.3425 
1 -0.0350007 -0.0668428 
1 -0.03 0.0408187 
1 -0.038911 0.0270263 
0.933935 -0.0537461 -0.372984 
0.987326 0.0370406 -0.17 
1 -0.03 0.0505518 
0.98526 -0.0573997 0.115597 
1 -0.0357706 0.031569 
0.992006 0.0479416 -0.152589 
0.992204 0.0482098 -0.151781 
0.992174 0.0468817 -0.152034 
0.987992 0.0326737 -0.17 
0.93 -0.0474935 -0.369192 
0.986846 0.0340893 -0.17 
0.93 -0.0540195 -0.366312 
0.93 -0.0566483 -0.370543 
0.93 -0.0543267 -0.368299 
0.93 -0.0709053 -0.365373 
0.938866 -0.0386405 -0.371296 
0.93 -0.0485836 -0.377679 
0.92007 -0.380048 0.175 
0.86 -0.330129 0.372003 
0.86 -0.330676 0.369788 
0.86761 -0.34127 0.344292 
0.864218 -0.314576 0.374029 
0.86 -0.318154 0.379856 
0.86 -0.290542 0.402057 
0.86 -0.285573 0.406053 
0.86 -0.314061 0.383147 
0.86 -0.318409 0.384647 
0.868203 -0.359503 0.317919 
0.891412 -0.363648 0.232875 
0.911307 -0.388362 0.206514 
0.878554 -0.309134 0.369041 
0.86 -0.317698 0.380223 
0.878705 -0.386579 0.245796 
0.887655 -0.306657 0.350075 
0.86 -0.317843 0.380106 
0.883774 -0.379005 0.238542 
0.889928 -0.337619 0.313638 
0.885768 -0.390599 0.216235 
0.897068 -0.30332 0.331238 
0.887722 -0.390088 0.210224 
0.901221 -0.36707 0.230918 
0.89443 -0.293315 0.3475 
0.892343 -0.291538 0.340606 
0.897892 -0.309605 0.321102 
0.93 -0.308852 0.217545 
0.920225 -0.357698 0.205569 
0.892772 -0.367884 0.222562 
0.858498 -0.311692 0.387909 
0.86 -0.310965 0.385636 
0.86 -0.299014 0.408052 
0.853875 -0.295024 0.415989 
0.865882 -0.323798 0.363182 
0.858085 -0.320167 0.381881 
0.866322 -0.314716 0.37944 
0.86 -0.315154 0.382268 
0.86 -0.317992 0.379986 
0.86 -0.319791 0.37854 
0.867729 -0.360224 0.318583 
0.864804 -0.346067 0.3475 
0.865509 -0.345454 0.345903 
0.86 -0.306136 0.394839 
0.86 -0.306914 0.396852 
0.86 -0.316256 0.381382 
0.849239 -0.336073 0.388205 
0.983821 0.090477 0.149551 
0.97704 0.0918967 0.175 
0.974387 0.0874266 0.175 
0.981137 0.0448679 -0.141278 
0.985794 0.0908229 0.150167 
0.975979 0.0934826 0.16188 
0.51 -0.838563 0.175 
0.537323 -0.835219 0.175 
0.980424 0.0813718 0.212327 
0.982503 0.0848834 0.188409 
0.51 -0.838589 0.170828 
0.518571 -0.841993 0.173826 
0.979382 0.0770059 0.22701 
0.979556 0.076491 0.225846 
0.549503 -0.741553 0.383906 
0.51 -0.804586 0.27646 
0.553803 -0.782578 0.304943 
0.51 -0.843539 0.175 
0.514971 -0.84303 0.175 
0.548751 -0.752378 0.3475 
0.548746 -0.748724 0.374203 
0.551996 -0.720318 0.410504 
0.52925 -0.733569 0.405556 
0.553671 -0.760666 0.3475 
0.550508 -0.713024 0.415496 
0.551149 -0.765024 0.3475 
0.559064 -0.714525 0.41034 
0.553138 -0.677588 0.475404 
0.559971 -0.719157 0.415564 
0.559564 -0.739806 0.385375 
0.558742 -0.76203 0.339452 
0.561673 -0.703789 0.429654 
0.997247 0.114853 0.0025 
0.99099 0.114314 0.0025 
0.99851 0.113666 0.0025 
0.986804 0.113346 0.0177246 
0.993087 0.118179 -0.00145983 
0.988549 0.108974 0.0025 
0.986904 0.112904 0.0984144 
0.990179 0.118952 0.0782744 
0.986942 0.0976715 0.0751087 
0.978764 0.112286 0.106054 
0.981359 0.110085 0.131006 
0.984676 0.101458 0.143764 
0.998394 0.114758 0.0025 
0.998401 0.114687 0.0025 
0.998427 0.119205 -0.00242472 
0.981801 0.0990777 0.0843736 
0.9888 0.115026 0.0780508 
0.979369 0.0956218 0.113791 
0.988658 0.116418 0.0957324 
0.99392 0.113644 0.0180458 
0.985638 0.116222 0.0329558 
0.986376 0.114175 0.0704635 
0.984735 0.119291 0.0351079 
0.9826 -0.138056 0.020701 
0.975122 -0.222403 0.046897 
0.987428 -0.186889 0.0351573 
0.99857 0.113099 0.0025 
0.984977 -0.205988 0.0214219 
0.976737 -0.179565 0.0277354 
0.978903 -0.159472 0.0280167 
0.978902 -0.160186 0.0269377 
0.979436 -0.147442 0.0406953 
0.98786 -0.173036 0.0025 
0.512648 -0.501818 -0.700236 
0.990562 -0.147455 0.0025 
0.980886 -0.2425 0.0326657 
0.475354 -0.455 -0.764485 
0.51 -0.491735 -0.709637 
0.99197 -0.0835489 0.0025 
0.99853 -0.0688043 -0.00828041 
0.988649 -0.1691 0.0143278 
0.990764 -0.148344 0.0118504 
0.99233 -0.0797372 0.00443769 
0.442422 -0.510389 -0.727722 
0.459617 -0.5445 -0.709789 
0.51 -0.522965 -0.6875 
0.992647 -0.0787514 0.0025 
0.992822 -0.0775151 0.0025 
0.465739 -0.481375 -0.754655 
0.459085 -0.558008 -0.705999 
0.459861 -0.5803 -0.6875 
0.478707 -0.720658 -0.515 
0.527953 -0.676505 -0.53154 
0.499034 -0.706895 -0.515 
0.471479 -0.6675 -0.5814 
0.443924 -0.541166 -0.704699 
0.991452 -0.0846522 0.00643483 
0.993128 -0.0753441 0.0025 
0.992385 -0.0806064 0.0025 
0.489462 -0.858025 0.109602 
0.527957 -0.837516 0.156973 
0.444195 -0.533378 -0.718436 
0.540167 -0.67686 -0.515 
0.539575 -0.67748 -0.515 
0.488884 -0.858432 0.109155 
0.502275 -0.845208 0.175 
0.547662 -0.814847 0.2192 
0.503877 -0.846196 0.135578 
0.526326 -0.835264 0.175 
0.523786 -0.694033 -0.515 
0.997015 0.0922129 -0.0591309 
0.983385 0.0808389 -0.0826215 
0.46724 -0.730374 -0.515 
0.488227 -0.62775 -0.593522 
0.51 -0.621651 -0.609038 
0.984559 0.0932444 -0.0578004 
0.466542 -0.637049 -0.601973 
0.51 -0.635429 -0.593637 
0.467646 -0.651289 -0.603142 
0.997659 0.0621139 -0.128821 
0.471844 -0.72359 -0.515 
0.475123 -0.544408 -0.6875 
0.51 -0.532376 -0.680829 
0.51 -0.621412 -0.605593 
0.537627 -0.620079 -0.589711 
0.446464 -0.614429 -0.646945 
0.443795 -0.588044 -0.665688 
0.47799 -0.685197 -0.558587 
0.51 -0.705777 -0.515 
0.456641 -0.681357 -0.575114 
0.998733 0.0627296 -0.124516 
0.454803 -0.619123 -0.631874 
0.991827 0.0457043 -0.150263 
0.98105 0.0431671 -0.143825 
0.543207 -0.801881 -0.211547 
0.51 -0.634252 -0.594953 
0.519433 -0.628459 -0.595364 
0.53462 -0.623079 -0.589903 
0.992285 0.0472392 -0.151561 
0.463727 -0.83695 -0.262057 
0.530983 -0.62904 -0.587202 
0.44828 -0.578646 -0.670918 
0.51 -0.56019 -0.656985 
1 0.112974 -0.0155758 
0.989005 0.0902672 -0.0658541 
0.997307 0.11572 0.0025 
0.532616 -0.774631 -0.316354 
0.51 -0.817411 -0.235282 
0.537697 -0.818186 -0.226473 
0.480448 -0.838221 -0.266128 
0.450302 -0.583058 -0.669419 
0.990796 0.0500053 -0.147363 
0.526002 -0.555406 -0.650884 
0.523601 -0.556976 -0.651815 
0.539343 -0.789562 -0.256963 
0.535119 -0.769491 -0.33122 
0.455696 -0.830626 -0.29604 
0.992348 0.0487796 -0.151154 
0.991793 0.045722 -0.153657 
0.994909 0.113771 0.0105579 
0.990641 0.11351 0.0025 
0.989554 0.0887652 -0.0693845 
0.534184 -0.79168 -0.26154 
0.98793 0.116818 0.0025 
0.51 -0.81976 -0.236446 
0.531541 -0.822147 -0.230843 
0.543975 -0.76167 -0.3425 
0.532036 -0.791667 -0.317397 
0.989061 0.110025 0.0025 
0.988984 0.0868061 -0.0747202 
0.495659 -0.811813 -0.32976 
0.51 -0.800905 -0.285121 
0.533159 -0.782894 -0.313483 
0.478025 -0.868873 -0.0756438 
0.987934 0.0349241 -0.17 
0.457333 -0.814234 -0.3425 
0.553085 -0.78753 -0.233872 
0.492315 -0.30892 -0.81628 
0.510862 -0.36108 -0.784701 
0.57592 -0.745701 -0.3425 
0.529376 -0.768254 -0.3425 
0.482812 -0.866534 -0.128436 
0.484961 -0.305638 -0.809106 
0.512398 -0.386524 -0.762853 
0.50024 -0.754737 -0.438963 
0.51 -0.75909 -0.420474 
0.44 -0.455 -0.773716 
0.473658 -0.876383 -0.0720415 
0.51 -0.86481 -0.0186011 
0.494473 -0.750025 -0.451994 
0.51 -0.753337 -0.431945 
0.51 -0.767481 -0.375813 
0.534285 -0.756383 -0.367521 
0.543941 -0.723876 -0.432745 
0.508614 -0.818132 -0.235673 
0.529408 -0.816352 -0.235651 
0.529037 -0.767419 -0.354426 
0.992301 0.0473414 -0.151488 
0.51 -0.862081 0.0885951 
0.520391 -0.851659 0.124297 
0.483493 -0.863993 0.0895186 
0.519289 -0.854293 0.10218 
0.483582 -0.86901 -0.105049 
0.992221 0.0471379 -0.151823 
0.992161 0.0466072 -0.152113 
0.485671 -0.304289 -0.809278 
0.51 -0.302552 -0.809526 
0.494473 -0.750025 -0.451994 
0.51 -0.75072 -0.437164 
0.488314 -0.745652 -0.450619 
0.502109 -0.756296 -0.433975 
0.51 -0.746237 -0.446102 
0.50024 -0.754737 -0.438963 
0.50024 -0.754737 -0.438963 
0.495371 -0.729221 -0.494732 
0.51 -0.743164 -0.452229 
0.518787 -0.856172 0.113657 
0.4925 -0.862837 0.0790285 
0.529656 -0.847255 0.117608 
0.51 -0.740069 -0.442291 
0.537382 -0.757022 -0.37402 
0.576838 -0.728077 -0.384374 
0.500503 -0.856396 0.115523 
0.529656 -0.847255 0.117608 
0.98795 0.0435551 -0.143578 
0.51 -0.730221 -0.444199 
0.532215 -0.737033 -0.442131 
0.542585 -0.726715 -0.434261 
0.531274 -0.768834 -0.356107 
0.535524 -0.759972 -0.368822 
0.51 -0.778012 -0.382746 
0.488314 -0.745652 -0.450619 
0.500892 -0.75528 -0.437224 
0.468352 -0.719315 -0.515 
0.537001 -0.714943 -0.45287 
0.572643 -0.721678 -0.411679 
0.51 -0.725244 -0.452752 
0.51 -0.750826 -0.436953 
0.502299 -0.756455 -0.433467 
0.483909 -0.73305 -0.498614 
0.494473 -0.750025 -0.451994 
0.51 -0.750832 -0.43694 
0.58 -0.719128 -0.398472 
0.496135 -0.732374 -0.487678 
0.48352 -0.742256 -0.449368 
0.51 -0.758052 -0.422543 
0.557802 -0.745178 -0.374494 
0.565736 -0.736154 -0.377353 
0.58 -0.726935 -0.382169 
0.502545 -0.864139 0.0894539 
0.51 -0.857224 0.100828 
0.58 -0.712912 -0.417205 
0.459362 -0.851041 -0.2276 
0.459362 -0.851041 -0.2276 
0.460073 -0.833258 -0.279978 
0.459239 -0.837232 -0.271875 
0.523918 -0.854578 0.0906686 
0.465167 -0.849235 -0.242 
0.501213 -0.869463 -0.0212195 
0.486531 -0.8665 -0.111792 
0.466168 -0.85309 -0.213646 
0.51 -0.863888 -0.0260053 
0.482476 -0.871413 -0.0786874 
0.485664 -0.867516 -0.107576 
0.460869 -0.837481 -0.273865 
0.519018 -0.8586 0.0888677 
0.5144 -0.866075 0.0521503 
0.509652 -0.858641 0.0876251 
0.496425 -0.865771 0.00480479 
0.485887 -0.86788 -0.103635 
0.51 -0.841052 0.175 
0.490897 -0.865565 -0.0739871 
0.445442 -0.582277 -0.6875 
0.44 -0.52152 -0.721135 
0.538785 -0.830988 0.204337 
0.444753 -0.552196 -0.695966 
0.44 -0.66134 -0.609682 
0.44 -0.641335 -0.630196 
0.44 -0.6675 -0.60127 
0.44 -0.600598 -0.66552 
0.441758 -0.566402 -0.6875 
0.44 -0.613866 -0.645475 
0.44 -0.629674 -0.636512 
0.883407 -0.455 -0.17 
0.883407 -0.455 -0.17 
0.45764 -0.637473 -0.623792 
0.817823 -0.498885 -0.257428 
0.86 -0.463245 -0.199837 
0.444498 -0.595048 -0.658595 
0.877485 -0.441777 -0.174684 
0.881248 -0.435561 -0.17 
0.86 -0.455 -0.217756 
0.803174 -0.507844 -0.319582 
0.86 -0.459532 -0.2227 
0.451519 -0.704001 -0.543721 
0.44 -0.6675 -0.602797 
0.453842 -0.6675 -0.593896 
0.893683 -0.440288 -0.158057 
0.895536 -0.406456 -0.138513 
0.964042 -0.266383 -0.0239831 
0.468732 -0.722005 -0.515 
0.959626 -0.264854 -0.0185003 
0.44 -0.670542 -0.599396 
0.959005 -0.266049 -0.0206836 
0.94859 -0.291711 -0.0338277 
0.454781 -0.837845 -0.275936 
0.443508 -0.747353 -0.478514 
0.449599 -0.753149 -0.483512 
0.452796 -0.81149 -0.359843 
0.65 0.319086 -0.6875 
0.65 0.257293 -0.708542 
0.65 0.257238 -0.705837 
0.467481 -0.831449 -0.28742 
0.44 -0.729289 -0.515 
0.456493 -0.784612 -0.423355 
0.464002 -0.832085 -0.276238 
0.472326 -0.722808 -0.515 
0.60953 0.253672 -0.739335 
0.457054 -0.843509 -0.254622 
0.463333 -0.832533 -0.276124 
0.484666 -0.839345 -0.270278 
0.600274 0.257648 -0.745208 
0.456537 -0.837979 -0.272277 
0.58 0.222004 -0.774624 
0.58 0.225141 -0.773453 
0.583793 0.224069 -0.770839 
0.583793 0.224069 -0.770839 
0.457174 -0.839675 -0.276915 
0.65 0.331957 -0.675214 
0.647077 0.347692 -0.670647 
0.978638 -0.23218 0.0582644 
0.97653 -0.2425 0.0559626 
0.65 0.529218 -0.545097 
0.65 0.529218 -0.545097 
0.643546 0.498129 -0.590376 
0.948546 -0.29675 0.134272 
0.72 0.401021 -0.567568 
0.675549 0.287884 -0.6875 
0.662222 0.252717 -0.713874 
0.660715 0.231629 -0.725837 
0.711679 0.406435 -0.565134 
0.72 0.359163 -0.598909 
0.672373 0.296185 -0.6875 
0.65969 0.258846 -0.720798 
0.65 0.264275 -0.712941 
0.710584 0.395 -0.575915 
0.660703 0.280983 -0.6875 
0.730534 0.387078 -0.572756 
0.72 0.386736 -0.577744 
0.72 0.335159 -0.610287 
0.707718 0.390816 -0.58119 
0.72 0.361152 -0.598008 
0.699917 0.368594 -0.600749 
0.695046 0.396766 -0.592145 
0.697044 0.395 -0.594574 
0.65 0.234993 -0.741148 
0.658521 0.287952 -0.6875 
0.696667 0.395 -0.591771 
0.695315 0.395 -0.593311 
0.647199 0.554297 -0.515 
0.643024 0.55942 -0.515 
0.51 0.635612 -0.580614 
0.695017 0.342961 -0.623437 
0.692998 0.392622 -0.597092 
0.699165 0.33404 -0.636539 
0.671745 0.34784 -0.663874 
0.659573 0.364032 -0.648903 
0.691518 0.394891 -0.597689 
0.79 0.130933 -0.619836 
0.65 0.342364 -0.678841 
0.51 0.647975 -0.560543 
0.511546 0.644121 -0.572371 
0.51 0.666466 -0.548111 
0.562404 0.813729 0.111376 
0.558922 0.82 0.0823255 
0.561216 0.818756 0.0782444 
0.569038 0.818508 0.0322026 
0.57232 0.811473 0.0686201 
0.911141 -0.068125 -0.397615 
0.866641 0.0972913 -0.492436 
0.876019 0.111591 -0.472185 
0.919063 -0.03 -0.411321 
0.871177 -0.03 -0.489894 
0.87656 -0.03 -0.484414 
0.869111 -0.0358781 -0.487436 
0.881156 -0.0639931 -0.453359 
0.93 -0.0289412 -0.3964 
0.894002 -0.03 -0.46363 
0.869141 -0.03 -0.490799 
0.876779 -0.0293718 -0.48502 
0.866112 -0.0380099 -0.49302 
0.860244 0.0777558 -0.515 
0.885285 0.0733117 -0.467097 
0.874905 -0.03 -0.486517 
0.925902 -0.0535806 -0.397882 
0.874884 -0.03 -0.486347 
0.86 0.00738847 -0.503838 
0.892762 0.0598788 -0.456876 
0.878446 -0.03 -0.478653 
0.883971 -0.0680439 -0.446196 
0.887392 -0.0449243 -0.461181 
0.86 0.0806611 -0.515 
0.510347 0.694747 -0.515 
0.864465 -0.0263052 -0.498346 
0.876521 0.00274075 -0.490278 
0.51988 0.745284 -0.446518 
0.888901 -0.00818299 -0.47325 
0.86 0.0597853 -0.522313 
0.515102 0.753611 -0.437168 
0.522781 0.744402 -0.431786 
0.51 0.717899 -0.484598 
0.868481 -0.03 -0.490619 
0.86 -0.0097327 -0.515 
0.51 0.699099 -0.510323 
0.568776 -0.00697432 -0.832884 
0.520907 0.748697 -0.441493 
0.86 -0.00866913 -0.515 
0.58 0.100006 -0.819118 
0.569115 -0.0131197 -0.83161 
0.567205 0.1771 -0.79891 
0.57394 0.00156633 -0.830609 
0.86 0.0838362 -0.508567 
0.58 0.15461 -0.792114 
0.86 -0.0211023 -0.506741 
0.852385 0.0655567 -0.515 
0.815686 0.0265958 -0.563867 
0.836076 0.074133 -0.541446 
0.65 0.738143 -0.128512 
0.854892 0.0463726 -0.515 
0.830538 0.0389344 -0.546361 
0.962812 0.23862 -0.105313 
0.86 -0.0228317 -0.507049 
0.854839 0.0431993 -0.505236 
0.58 0.0667158 -0.824583 
0.86 -0.0392273 -0.505391 
0.963074 0.245341 -0.111402 
0.86 -0.0141045 -0.515 
0.958617 0.263287 -0.0969907 
0.65 0.740794 -0.126664 
0.969708 0.237981 -0.0691916 
0.967054 0.219855 -0.090822 
0.93 -0.0968504 -0.3425 
0.93 -0.0960531 -0.3425 
0.93 -0.0932717 -0.346281 
0.93 -0.136065 -0.319068 
0.83208 0.0965966 -0.550762 
0.968348 -0.129307 0.17979 
1 -0.0346654 0.0609985 
0.976259 -0.122131 0.11409 
0.999967 -0.03 0.0719077 
0.904106 -0.107216 -0.42496 
0.881748 -0.12163 -0.433807 
0.884013 -0.127831 -0.427107 
0.879994 -0.1326 -0.433983 
0.893202 -0.132343 -0.406492 
0.884529 -0.144286 -0.420802 
0.88849 -0.140233 -0.413821 
0.916307 -0.0500267 -0.42358 
0.911787 -0.0600066 -0.429798 
0.890172 -0.0986961 -0.423509 
0.903406 -0.0809524 -0.401524 
0.967722 -0.159393 0.149715 
1 -0.0254066 0.054321 
0.895775 -0.129812 -0.401926 
0.97803 -0.114469 0.106603 
0.978051 -0.114715 0.106 
0.897111 -0.141637 -0.395379 
0.963756 -0.145878 0.188107 
0.984128 -0.107867 0.0504322 
0.992404 -0.0478608 0.0525678 
0.901695 -0.131996 -0.388873 
1 -0.0228717 0.0516579 
1 -0.038911 0.0270263 
1 -0.0198035 0.0526377 
1 -0.026753 0.0554142 
0.990812 -0.0998225 0.0264173 
0.972573 -0.0759801 -0.241969 
0.938916 -0.107207 -0.300834 
0.965163 -0.0957923 -0.25773 
0.971876 -0.0930261 -0.242688 
0.998048 -0.0501285 -0.0860234 
0.996817 -0.0653848 -0.0739618 
0.996335 -0.0678909 -0.080833 
0.980826 -0.118843 0.0694843 
0.938089 -0.0911711 -0.329469 
0.984372 -0.120826 -0.0313448 
0.985235 -0.0836531 -0.0749316 
0.996261 -0.0693681 -0.0782271 
0.981425 -0.119873 -0.0599034 
0.978544 -0.122631 -0.0948052 
0.931295 -0.0695234 -0.376389 
0.958264 -0.152306 -0.238689 
0.941318 -0.151021 -0.268492 
0.93 -0.0641561 -0.382328 
0.968861 -0.15718 0.140727 
1 -0.0396521 0.0224438 
1 -0.0470241 0.0311914 
0.978412 -0.112156 0.106 
1 -0.038911 0.0270263 
0.974601 -0.127086 0.124514 
0.890239 -0.109501 -0.43447 
0.839654 -0.02196 -0.53865 
0.829859 -0.03 -0.557765 
0.891882 -0.0998423 -0.439608 
0.890622 -0.0960043 -0.43832 
0.906667 -0.0949001 -0.42492 
0.915951 -0.0501589 -0.424401 
0.86 -0.0877476 -0.489972 
0.853135 -0.0160381 -0.524905 
0.842069 -0.0316511 -0.534469 
0.853569 -0.0293233 -0.523034 
0.827227 -0.0723645 -0.545607 
0.842724 -0.03 -0.538885 
0.88095 -0.132573 -0.431994 
0.836817 -0.03 -0.547554 
0.86 -0.102018 -0.485437 
0.885531 -0.124237 -0.425081 
0.887255 -0.1012 -0.428804 
0.849364 -0.0400271 -0.528159 
0.855172 -0.0874101 -0.515 
0.879222 -0.141381 -0.432802 
0.956771 -0.270582 -0.0275366 
0.960933 -0.260363 -0.0221429 
0.957447 -0.27782 -0.044929 
0.992677 -0.12744 0.0025 
0.969527 -0.2425 0.0025 
0.967845 -0.2425 -0.0168844 
0.958398 -0.267679 -0.0249585 
0.990954 0.0376051 0.0376758 
0.968328 -0.245817 0.0025 
0.967738 -0.2425 -0.0181187 
0.994742 -0.0454051 0.0309109 
0.630284 0.770504 0.0025 
0.990191 0.0420165 0.0421736 
0.991548 0.0258443 0.0413114 
0.65 0.737027 -0.138021 
1 -0.059381 0.0348114 
0.993172 -0.00666019 0.0515834 
0.993605 -0.0128649 0.0522026 
0.990702 -0.0847627 0.02439 
0.970822 -0.23333 0.0025 
0.99603 -0.0467814 0.0356151 
0.995685 -0.03 0.0443119 
0.971748 -0.234355 0.0025 
0.65 0.737884 -0.130722 
0.607843 0.787805 -0.0649046 
0.612143 0.786822 -0.0632557 
0.609407 0.795378 0.0292771 
0.617814 0.786835 0.0025 
0.586588 0.814521 0.0582575 
0.612766 0.783609 -0.0586311 
0.609148 0.786765 -0.0573469 
0.632244 0.760281 -0.118155 
0.61993 0.775724 -0.0671795 
0.601613 0.791802 -0.0265284 
0.608898 0.784646 -0.0697368 
0.608898 0.784646 -0.0697368 
0.62489 0.777181 -0.0912702 
0.62229 0.783898 0.0025 
0.625288 0.774809 0.0025 
0.612403 0.785911 0.0025 
0.990122 0.0499158 0.0361433 
0.968642 -0.2425 -0.00769521 
0.967786 -0.2425 -0.0175657 
0.959742 -0.262921 -0.02521 
0.960933 -0.260363 -0.0221429 
1 -0.03 0.0835785 
0.960933 -0.260363 -0.0221429 
1 -0.0276479 0.0483667 
0.956545 -0.272996 -0.0228289 
1 -0.0159847 0.0569547 
0.97545 -0.113685 0.175 
0.978085 -0.114469 0.106 
0.995831 -0.03 0.0892702 
0.966307 -0.152942 0.175 
0.963843 -0.145676 0.187891 
0.966646 -0.153304 0.170765 
1 -0.016021 0.062444 
1 -0.0166622 0.0699096 
0.966545 -0.175379 0.137976 
0.97312 -0.165967 0.113146 
0.975183 -0.119084 0.175 
0.978872 -0.111021 0.102736 
1 -0.03 0.0443224 
0.98 -0.128174 0.0641416 
0.991489 -0.0842093 -0.00197056 
0.987908 -0.0916284 0.0721854 
0.968454 -0.176668 0.115238 
0.96918 -0.172117 0.114327 
0.979836 -0.125575 0.0699114 
0.978729 -0.110067 0.105761 
1 -0.0304403 0.0852744 
0.979636 -0.127206 0.0695833 
0.979793 -0.126565 0.0688571 
0.98 -0.128174 0.0641416 
0.978976 -0.128903 0.0741618 
1 -0.0435898 0.0741537 
0.996701 -0.03 -0.0301024 
0.988287 -0.113397 -0.0151484 
0.984207 -0.11631 -0.0336504 
1 -0.03 0.0647735 
0.978773 -0.135823 0.0657406 
1 0.0400909 0.0025 
1 0.0369725 0.0025 
1 -0.03 0.0578163 
0.983374 -0.104486 0.0638239 
0.986188 -0.110629 0.0237969 
0.988298 -0.114286 -0.0157461 
0.996682 0.00507093 0.00333653 
0.987714 -0.0896744 0.0393648 
0.996373 0.00995479 0.0025 
0.992987 -0.0763468 0.0025 
1 0.0474931 0.0025 
0.99627 0.0112656 0.0025 
1 0.0263087 0.0025 
0.987972 0.0523983 0.057386 
1 0.055314 0.0228149 
0.998394 0.0477743 0.0585636 
0.995432 -0.0505031 -0.0113702 
0.994743 -0.0534425 -0.0145216 
0.998744 -0.060165 -0.030403 
0.992385 -0.0806064 0.0025 
0.998133 -0.0657956 -0.0309212 
0.993975 -0.0494355 -0.0298951 
1 -0.0199135 -0.0170647 
0.99864 -0.0612172 -0.0301697 
0.995941 0.0154266 0.0025 
0.996358 0.0101544 0.0025 
0.99482 0.0184477 0.0120932 
0.993543 -0.0639865 -0.0187866 
0.999963 -0.0139227 -0.025698 
0.997829 -0.03 -0.0171083 
0.993443 -0.0731117 0.0025 
0.99233 -0.0797382 0.00443895 
0.991342 -0.0850136 0.00707326 
0.996466 0.00878391 0.0025 
0.482404 -0.867648 -0.0621192 
0.995321 0.0232794 0.0025 
1 -0.00839354 -0.0148624 
0.996702 0.00579115 0.0025 
0.99535 -0.0611889 -0.0185938 
0.993701 -0.0555838 -0.0230452 
0.996519 -0.03 -0.032194 
0.998868 -0.0589932 -0.0303969 
0.992897 -0.060457 -0.0243858 
0.995871 -0.0593908 -0.0279284 
0.99235 -0.0807985 0.00240345 
0.993173 -0.0684673 -0.00816922 
0.998564 -0.061403 -0.031976 
0.995523 -0.0580453 -0.0276935 
0.997889 -0.03 -0.0164116 
0.991827 -0.0774941 -0.00899631 
0.8776 -0.444923 -0.17 
0.873673 -0.455 -0.17 
0.848364 -0.471949 -0.228015 
0.891114 -0.416846 -0.150063 
0.51 0.788819 0.330761 
0.51 0.814288 0.261181 
0.51 0.749104 0.402771 
0.51 0.764171 0.377978 
0.51 0.791559 0.323277 
1 0.0353614 0.0025 
0.534625 0.691115 0.467253 
1 0.0611665 0.00956886 
0.537219 0.726093 0.406437 
1 0.0698552 0.0025 
0.523493 0.80419 0.260621 
1 0.025777 -0.0314896 
0.996554 0.00766415 0.0025 
0.546876 0.700175 0.460896 
0.527777 0.687871 0.481196 
1 0.0671047 0.0025 
0.996605 0.0150271 0.0025 
0.532699 0.705141 0.446593 
0.527172 0.789026 0.294375 
0.54969 0.711828 0.442503 
0.98375 -0.120952 -0.0313643 
0.980951 -0.122747 -0.0606932 
0.52813 0.804355 0.250498 
1 0.0253686 -0.0182412 
1 0.0741283 0.00640077 
0.524084 0.796612 0.280089 
0.521473 0.697009 0.47408 
1 -0.00270003 -0.0291492 
0.970483 -0.0848623 -0.224808 
0.995762 0.0175272 0.00263734 
0.527202 0.769469 0.347646 
0.526207 0.734336 0.413369 
0.520755 0.792144 0.299243 
0.532413 0.812798 0.218495 
0.95455 -0.128242 -0.230774 
0.996314 0.0107051 0.0025 
0.952776 -0.13981 -0.231306 
0.977818 -0.125716 -0.0919626 
0.539584 0.816086 0.24227 
1 0.0674369 0.0125229 
0.982169 -0.119641 -0.051716 
0.994475 0.0249626 0.0102435 
0.977153 -0.127396 -0.114594 
0.51 0.744729 0.40997 
0.52436 0.82 0.215618 
0.532789 0.72924 0.406824 
0.528586 0.732492 0.406753 
0.975878 -0.122547 -0.125499 
0.519626 0.810246 0.253445 
0.535433 0.799568 0.26412 
0.527666 0.749905 0.379257 
0.536089 0.74387 0.386812 
0.534397 0.794291 0.292519 
0.535648 0.81984 0.232745 
0.530921 0.735465 0.402561 
0.528139 0.738484 0.397455 
0.527991 0.769115 0.3475 
0.55494 0.700978 0.449319 
0.532356 0.701541 0.453604 
0.543399 0.704583 0.435887 
0.540097 0.69539 0.453342 
0.534487 0.683988 0.485656 
0.54 0.67742 0.483036 
0.53092 0.693972 0.469158 
0.534789 0.685194 0.482426 
0.54 0.667326 0.504194 
0.649122 0.76421 0.031504 
0.642393 0.755342 0.0405239 
0.630154 0.771743 0.0369791 
0.647641 0.765796 0.0445706 
0.86 -0.343018 0.378761 
0.86 -0.307801 0.41284 
0.86 -0.303985 0.417943 
0.86 -0.311118 0.410783 
0.86 -0.298918 0.405028 
0.848547 -0.350693 0.398052 
0.834036 -0.394177 0.388606 
0.83748 -0.379421 0.395299 
0.849379 -0.351834 0.393492 
0.826621 -0.311039 0.451624 
0.840287 -0.375703 0.392417 
0.881684 -0.189847 0.412481 
0.544545 -0.82539 0.21473 
0.534149 -0.828952 0.204335 
0.51995 -0.853469 0.130699 
0.515749 -0.850201 0.147804 
0.51 -0.839255 0.175 
0.51 -0.845221 0.175 
0.522634 -0.855858 0.0880475 
0.86 -0.284783 0.406687 
0.86 -0.331229 0.390595 
0.86 -0.387368 0.334242 
0.51 -0.855122 0.106093 
0.511892 -0.85706 0.119054 
0.51 -0.859889 0.0968723 
0.864732 -0.349073 0.361528 
0.864002 -0.364763 0.3475 
0.86 -0.37416 0.3475 
0.870416 -0.349703 0.3475 
0.86 -0.30729 0.408958 
0.516384 -0.858897 0.105621 
0.914051 -0.364018 0.230278 
0.910335 -0.368066 0.234972 
0.89378 -0.325849 0.28165 
0.890967 -0.334615 0.291077 
0.508571 -0.859151 0.104635 
0.86 -0.340244 0.376976 
0.87998 -0.303638 0.3503 
0.87185 -0.308965 0.362794 
0.885461 -0.305793 0.3475 
0.888365 -0.315649 0.332992 
0.880299 -0.324757 0.3475 
0.889215 -0.354017 0.298859 
0.873659 -0.35577 0.333764 
0.883066 -0.310965 0.3475 
0.868193 -0.352726 0.349703 
0.882351 -0.361242 0.307785 
0.869361 -0.367331 0.33229 
0.51 -0.852827 0.121335 
0.51 -0.84099 0.175 
0.86 -0.324207 0.380786 
0.850472 -0.352105 0.386689 
0.831954 -0.333742 0.443379 
0.884603 -0.302663 0.337613 
0.877174 -0.341694 0.339608 
0.888785 -0.321066 0.332481 
0.86833 -0.358193 0.343893 
0.865895 -0.365289 0.342511 
0.858921 -0.353026 0.371257 
0.853149 -0.362601 0.375251 
0.857844 -0.372548 0.3542 
0.84124 -0.380221 0.384844 
0.51 -0.857738 0.107526 
0.86 -0.358396 0.3475 
0.86 -0.371513 0.3475 
0.86 -0.373246 0.3475 
0.51 -0.854109 0.122506 
0.851773 -0.393478 0.3475 
0.846573 -0.362142 0.391212 
0.91514 -0.306923 0.253185 
0.913791 -0.327992 0.242418 
0.924706 -0.329064 0.219271 
0.955243 -0.101757 -0.242247 
0.949083 -0.0875266 -0.294229 
0.669422 0.521229 -0.541399 
0.79 -0.367882 0.497588 
0.888089 -0.191474 0.398753 
0.812082 -0.266373 0.512631 
0.81947 -0.36269 0.454548 
0.792587 -0.368074 0.493397 
0.86 -0.2425 0.454801 
0.86 -0.239592 0.454012 
0.86 -0.2425 0.44072 
0.850723 -0.2425 0.45833 
0.86 -0.239859 0.456647 
0.86 -0.239334 0.456925 
0.85747 -0.2425 0.45665 
0.860917 -0.258124 0.441288 
0.86 -0.260346 0.454169 
0.851253 -0.281603 0.43596 
0.85183 -0.2425 0.456224 
0.838944 -0.288411 0.477263 
0.835525 -0.343189 0.436279 
0.83741 -0.341594 0.433437 
0.844786 -0.328211 0.422904 
0.866047 -0.320614 0.374953 
0.86 -0.221897 0.447156 
0.844845 -0.32827 0.423924 
0.86 -0.256504 0.453721 
0.79 -0.358236 0.497517 
0.86 -0.298355 0.402041 
0.84817 -0.292409 0.423057 
0.79 -0.380653 0.483863 
0.86 -0.26448 0.433856 
0.731711 0.241472 -0.640087 
0.851096 -0.323297 0.398895 
0.879255 -0.180517 0.420424 
0.86 -0.265652 0.452536 
0.86 -0.226184 0.44581 
0.854743 -0.200581 0.465933 
0.86 -0.254201 0.453924 
0.86 -0.223002 0.463025 
0.847371 -0.2425 0.464705 
0.72 0.131465 -0.673712 
0.85767 -0.301515 0.408103 
0.866017 -0.275578 0.408472 
0.76 0.134671 -0.647751 
0.867824 -0.273275 0.430328 
0.86 -0.236426 0.456522 
0.86 -0.276102 0.441315 
0.86 -0.279482 0.442174 
0.86 -0.267199 0.436831 
0.86 -0.287099 0.430763 
0.866885 -0.276178 0.429627 
0.86 -0.261441 0.453832 
0.86 -0.275382 0.446655 
0.755189 0.0635471 -0.638139 
0.854707 -0.2425 0.461032 
0.86 -0.302789 0.419143 
0.862139 -0.253657 0.452619 
0.807356 -0.314205 0.485157 
0.797547 -0.388256 0.466039 
0.787518 0.142257 -0.618055 
0.783536 0.0937558 -0.61041 
0.77962 0.0317475 -0.614552 
0.79 0.00869899 -0.601381 
0.755009 0.0975545 -0.636245 
0.867458 -0.271945 0.432526 
0.716328 0.266871 -0.640991 
0.72 0.116837 -0.675567 
0.857154 -0.264801 0.452751 
0.777259 0.148762 -0.627648 
0.805708 -0.287169 0.508034 
0.821442 -0.395591 0.416873 
0.851202 -0.273017 0.444153 
0.815203 -0.318053 0.468252 
0.856669 -0.287335 0.442507 
0.945903 -0.03 0.314486 
0.839785 -0.295166 0.448202 
0.854196 -0.256338 0.465197 
0.86 -0.264553 0.446694 
0.866709 -0.273305 0.432927 
0.765714 0.0989589 -0.635574 
0.769024 0.0479535 -0.622825 
0.778559 0.150517 -0.621475 
0.784424 0.10152 -0.628138 
0.759024 0.0580925 -0.640599 
0.754789 0.0362461 -0.642103 
0.94777 -0.0149445 0.303195 
0.852568 -0.286556 0.444549 
0.853508 -0.259493 0.465386 
0.833142 -0.27105 0.496196 
0.861565 -0.284348 0.423878 
0.86 -0.275801 0.426638 
0.86 -0.271917 0.42354 
0.872975 -0.291228 0.400166 
0.86 -0.234178 0.452975 
0.864792 -0.2425 0.450059 
0.86 -0.2425 0.444317 
0.86 -0.263063 0.453333 
0.86 -0.302193 0.405993 
0.86 -0.251462 0.452693 
0.854913 -0.277584 0.456435 
0.79 0.0604202 -0.615939 
0.785607 -0.324836 0.515271 
0.85027 -0.322686 0.407168 
0.86 -0.2425 0.456567 
0.72 0.544894 -0.433596 
0.86 -0.280919 0.441097 
0.850179 -0.2425 0.462484 
0.823849 -0.311884 0.453657 
0.79 0.137858 -0.613206 
0.86 -0.299913 0.414921 
0.864313 -0.2519 0.441415 
0.864728 -0.269502 0.428404 
0.86 -0.271235 0.450818 
0.86 -0.2425 0.446462 
0.836667 -0.271882 0.46144 
0.859646 -0.2425 0.45525 
0.86 -0.2425 0.447743 
0.86 -0.240063 0.452465 
0.72 0.588292 -0.386066 
0.72 0.570825 -0.405196 
0.857774 -0.2425 0.451374 
0.857144 -0.2425 0.451495 
0.79 0.0880726 -0.617954 
0.72 0.579412 -0.395791 
0.72 0.587637 -0.386783 
0.71212 0.6075 -0.377968 
0.702447 0.6075 -0.375882 
0.70717 0.598112 -0.374051 
0.689644 0.59761 -0.413521 
0.79 -0.330892 0.502755 
0.729639 0.573414 -0.386533 
0.72 0.570979 -0.405027 
0.819547 -0.295759 0.487194 
0.832312 -0.306262 0.480921 
0.680377 0.620634 -0.378387 
0.852025 -0.275725 0.429861 
0.86 -0.260406 0.441655 
0.861812 -0.295733 0.398779 
0.86 -0.318713 0.390387 
0.693955 0.6075 -0.378557 
0.79 -0.402103 0.447646 
0.79 -0.393056 0.452774 
0.79 -0.368887 0.472206 
0.79 -0.325603 0.507008 
0.79 -0.364465 0.487348 
0.81563 -0.329757 0.45492 
0.72 0.6075 -0.365029 
0.716775 0.568893 -0.412608 
0.714601 0.575902 -0.4085 
0.702015 0.589029 -0.39871 
0.706616 0.570837 -0.427159 
0.699071 0.6075 -0.398784 
0.700937 0.6075 -0.390212 
0.695163 0.6075 -0.394732 
0.79 0.0927753 -0.623782 
0.842909 -0.306758 0.455445 
0.688484 0.6075 -0.393522 
0.700946 0.572357 -0.433162 
0.663715 0.6075 -0.426871 
0.663124 0.537346 -0.515 
0.79 0.0509939 -0.612705 
0.79 0.0190154 -0.607272 
0.660594 0.529279 -0.53215 
0.79 0.136229 -0.617838 
0.79 0.0926824 -0.623791 
0.79 0.0231887 -0.613004 
0.79 0.0620312 -0.62334 
0.841533 0.0253101 -0.546043 
0.827173 -0.03 -0.56105 
0.79 0.137009 -0.61747 
0.79 0.0610077 -0.624214 
0.822678 -0.03 -0.566317 
0.79 0.0824964 -0.611938 
0.84634 -0.03 -0.533577 
0.846374 -0.03 -0.533527 
0.79 0.0508995 -0.623901 
0.837835 0.0559582 -0.554468 
0.847986 -0.0169751 -0.532436 
0.782774 0.0147542 -0.609687 
0.819133 -0.012293 -0.575238 
0.79 0.00149472 -0.602295 
0.833186 -0.0160687 -0.554245 
0.842945 0.015361 -0.542998 
0.846417 -0.026217 -0.528396 
0.845961 -0.03 -0.534134 
0.840498 -0.03 -0.542151 
0.799217 -0.000613025 -0.590442 
0.810821 0.122128 -0.598651 
0.833006 -0.0113434 -0.54732 
0.858947 -0.0307746 -0.515 
0.826932 -0.03 -0.56127 
0.768948 0.0605512 -0.630823 
0.820552 0.110671 -0.583238 
0.7784 0.115132 -0.625372 
0.778203 0.0680023 -0.632386 
0.51 0.640039 -0.578712 
0.504705 0.648597 -0.574336 
0.65 0.756426 -0.0621079 
0.51 0.704717 -0.499694 
0.480252 0.650836 -0.57489 
0.65 0.757701 -0.0853112 
0.497541 0.700605 -0.506362 
0.504801 0.709564 -0.498529 
0.51 0.743244 -0.438725 
0.51 0.733926 -0.455548 
0.506082 0.698595 -0.515 
0.86451 -0.334449 0.371537 
0.493799 0.673317 -0.539419 
0.51 0.66462 -0.550248 
0.51 0.6698 -0.539633 
0.938858 -0.0386663 -0.37133 
0.50303 0.701349 -0.515 
0.86 -0.331773 0.370433 
0.662211 0.752003 0.0366636 
0.655031 0.759182 0.0352868 
0.933119 -0.0455127 -0.37984 
0.650068 0.764075 0.0437599 
0.65 0.763103 0.0392899 
0.889651 -0.213871 0.418439 
0.86 -0.299348 0.400505 
0.875937 -0.293266 0.391139 
0.868803 -0.295385 0.394359 
0.86 -0.300588 0.39398 
0.86 -0.29959 0.394782 
0.883959 -0.2425 0.419232 
0.866034 -0.228946 0.447036 
0.862217 -0.2425 0.455355 
0.86 -0.2425 0.454225 
0.86 -0.2425 0.458117 
0.863329 -0.2425 0.454043 
0.86 -0.2425 0.444201 
0.874224 -0.304928 0.383469 
0.86 -0.276766 0.421882 
0.86 -0.302976 0.392059 
0.867584 -0.2425 0.443386 
0.869306 -0.256836 0.439547 
0.86 -0.2425 0.456126 
0.86 -0.224158 0.45116 
0.857603 -0.2425 0.450254 
0.86 -0.2425 0.441766 
0.86 -0.26484 0.446349 
0.86 -0.241481 0.455475 
0.86462 -0.264929 0.4372 
0.86 -0.223336 0.450419 
0.86 -0.294718 0.406885 
0.86 -0.265497 0.437574 
0.86 -0.248725 0.443647 
0.882421 -0.330817 0.338159 
0.873249 -0.327635 0.354164 
0.86 -0.262759 0.438912 
0.86 -0.276185 0.419173 
0.86 -0.2425 0.454533 
0.892341 -0.166538 0.400064 
0.892612 -0.17271 0.399389 
0.856859 -0.213724 0.460689 
0.975513 0.088911 0.161487 
0.86 -0.21422 0.462565 
0.936131 -0.03 -0.379814 
0.974799 0.0951151 0.163916 
0.964236 0.222732 -0.071992 
0.976878 0.0911902 0.175 
0.952112 -0.0148266 0.302716 
0.959276 0.0378756 0.24528 
0.93 -0.0437704 -0.39263 
0.959772 0.228983 -0.101879 
0.97805 0.0972592 0.147197 
0.44 -0.516032 -0.725116 
0.489538 -0.746519 -0.450939 
0.72 0.653595 -0.228587 
0.73113 0.644705 -0.247927 
0.72 0.694214 -0.140627 
0.700633 0.704284 -0.17 
0.72 0.651214 -0.211448 
0.530667 -0.727042 -0.422854 
0.72 0.647237 -0.238764 
0.681193 0.720323 -0.17 
0.444107 -0.555945 -0.693643 
0.446184 -0.586485 -0.665256 
0.465548 -0.736068 -0.475515 
0.480198 -0.735816 -0.46808 
0.716099 0.647667 -0.251947 
0.479328 -0.722866 -0.515 
0.72 0.686443 -0.17 
0.739157 0.660403 -0.17 
0.478297 -0.724013 -0.515 
0.72 0.694214 -0.140702 
0.966117 0.226526 -0.0997565 
0.693289 0.66759 -0.253851 
0.702395 0.690865 -0.102886 
0.72 0.686443 -0.17 
0.72 0.694214 -0.144568 
0.468875 -0.72008 -0.509635 
0.661187 0.728804 -0.116607 
0.964922 0.222771 -0.0639578 
0.690231 0.682759 -0.203161 
0.740987 0.640138 -0.233634 
0.472709 -0.610833 -0.645108 
0.703827 0.662662 -0.222793 
0.69547 0.703241 -0.119896 
0.473164 -0.719602 -0.515 
0.698648 0.685275 -0.221576 
0.723816 0.655481 -0.236613 
0.487922 -0.753805 -0.438258 
0.51 -0.745467 -0.440493 
0.528399 -0.821087 -0.228483 
0.51 -0.716402 -0.469058 
0.737507 0.651435 -0.17 
0.51 -0.615937 -0.615199 
0.672095 0.717624 -0.132277 
0.654129 0.734331 -0.12723 
0.68377 0.72121 -0.0949272 
0.657173 0.732051 -0.121756 
0.693456 0.716419 -0.156332 
0.495543 -0.708545 -0.515 
0.558945 -0.790214 -0.213305 
0.548848 -0.795753 -0.225543 
0.687974 0.724847 -0.144477 
0.48352 -0.742256 -0.449368 
0.489391 -0.747421 -0.42756 
0.539122 -0.745672 -0.379118 
0.481096 -0.609905 -0.621293 
0.58089 -0.797138 -0.0949793 
0.498377 -0.816559 -0.301697 
0.525849 -0.75382 -0.373032 
0.730753 0.655955 -0.159473 
0.502109 -0.756296 -0.433975 
0.494473 -0.750025 -0.451994 
0.58 -0.79693 -0.195567 
0.554401 -0.757599 -0.321449 
0.553399 -0.789471 -0.227344 
0.561675 -0.808889 -0.112203 
0.561467 -0.808717 -0.115147 
0.515666 -0.816337 -0.226722 
0.51 -0.779678 -0.379424 
0.51 -0.735943 -0.452437 
0.485064 -0.74335 -0.449771 
0.485421 -0.750597 -0.442917 
0.485421 -0.750597 -0.442917 
0.487922 -0.753805 -0.438258 
0.51 -0.82054 -0.264952 
0.559636 -0.770164 -0.272377 
0.545332 -0.805319 -0.254626 
0.525341 -0.778956 -0.318767 
0.525891 -0.800668 -0.252039 
0.58 -0.780856 -0.196781 
0.72 0.666095 -0.17 
0.51 -0.812886 -0.248946 
0.450078 -0.566667 -0.6875 
0.715265 0.64717 -0.235367 
0.49729 -0.829487 -0.241714 
0.738095 0.627232 -0.275292 
0.738218 0.639988 -0.243437 
0.51 -0.80558 -0.275851 
0.448017 -0.54079 -0.702236 
0.494747 -0.765536 -0.405132 
0.715099 0.66097 -0.236158 
0.442974 -0.505672 -0.730805 
0.447068 -0.387311 -0.795556 
0.779667 0.136964 -0.627401 
0.764926 0.124155 -0.634396 
0.757442 0.142054 -0.643375 
0.716875 0.270591 -0.642109 
0.729695 0.235275 -0.645504 
0.68247 0.717702 -0.178205 
0.674924 0.727969 -0.17 
0.65 0.762074 0.0025 
0.762668 0.470766 -0.421665 
0.679688 0.731018 -0.151592 
0.65 0.752238 -0.106695 
0.76375 0.469764 -0.420932 
0.772096 0.432752 -0.470879 
0.535138 0.814955 0.220724 
0.529678 0.810402 0.230745 
0.544345 0.811405 0.197406 
0.552637 0.82 0.120921 
0.79 0.434052 -0.430726 
0.7073 0.405388 -0.570996 
0.554487 0.809967 0.180178 
0.810247 0.487515 -0.296479 
0.79 0.455056 -0.391902 
0.805082 0.487169 -0.3425 
0.755382 0.417524 -0.515 
0.827737 0.47286 -0.268837 
0.781546 0.456212 -0.429667 
0.744107 0.403675 -0.548158 
0.809109 0.486317 -0.302488 
0.706483 0.383641 -0.586042 
0.718532 0.352096 -0.604099 
0.80844 0.466963 -0.3425 
0.802611 0.458878 -0.392161 
0.72 0.395 -0.576782 
0.706842 0.395 -0.580178 
0.728545 0.354443 -0.590628 
0.713069 0.396348 -0.574858 
0.72536 0.395 -0.573087 
0.780182 0.458312 -0.424122 
0.810142 0.481799 -0.311167 
0.716754 0.396651 -0.585246 
0.731515 0.395 -0.567802 
0.72 0.395 -0.579947 
0.72 0.383034 -0.582378 
0.72 0.395 -0.582018 
0.713321 0.395 -0.590264 
0.70925 0.325901 -0.627933 
0.664111 0.310054 -0.691149 
0.695867 0.397471 -0.590622 
0.51 -0.774774 -0.389201 
0.44077 -0.728817 -0.515 
0.741765 0.649386 -0.17 
0.460004 -0.776034 -0.408479 
0.72 0.360398 -0.598364 
0.740376 0.645972 -0.17 
0.69607 0.658792 -0.254311 
0.690681 0.395 -0.598591 
0.683712 0.361447 -0.622644 
0.51 -0.771421 -0.395888 
0.451065 -0.776761 -0.421338 
0.441059 -0.772854 -0.435206 
0.510216 -0.759688 -0.419065 
0.453794 -0.773524 -0.435404 
0.442256 -0.770232 -0.438613 
0.695332 0.395 -0.593292 
0.465538 -0.758867 -0.433329 
0.49754 -0.828166 -0.295262 
0.739724 0.623262 -0.253255 
0.860501 0.465988 -0.231227 
0.682596 0.361447 -0.623915 
0.492863 -0.826168 -0.29977 
0.86 0.468803 -0.23303 
0.840713 0.491312 -0.190967 
0.815067 0.492375 -0.282052 
0.79 0.440148 -0.433381 
0.72 0.6075 -0.365029 
0.813451 0.497326 -0.266973 
0.51 -0.760946 -0.416773 
0.743469 0.635178 -0.239008 
0.47189 -0.782086 -0.395022 
0.46406 -0.783972 -0.389659 
0.79 0.446738 -0.409137 
0.72 0.602129 -0.370911 
0.815733 0.494343 -0.276187 
0.77151 0.434946 -0.469436 
0.736578 0.648558 -0.17 
0.474447 -0.750485 -0.438587 
0.751492 0.622078 -0.245852 
0.762744 0.469608 -0.422885 
0.464978 -0.774304 -0.406091 
0.72 0.596719 -0.376836 
0.738365 0.641338 -0.234231 
0.699637 0.629287 -0.329634 
0.51 -0.758952 -0.42075 
0.489756 -0.790451 -0.378286 
0.738613 0.6075 -0.297146 
0.72 0.616748 -0.3425 
0.686253 0.618553 -0.372462 
0.494524 -0.782485 -0.389377 
0.696672 0.6075 -0.374216 
0.699814 0.6075 -0.374145 
0.72 0.60554 -0.367175 
0.48041 -0.766651 -0.435133 
0.72 0.6075 -0.3425 
0.769736 -0.354163 0.52 
0.706316 0.603977 -0.373294 
0.72 0.597465 -0.372133 
0.474088 -0.747072 -0.445142 
0.69766 0.609659 -0.369043 
0.86 0.445568 -0.264911 
0.778774 -0.333748 0.52 
0.79 -0.352246 0.485586 
0.819124 -0.295566 0.511831 
0.822192 -0.277428 0.484514 
0.822269 -0.2425 0.52 
0.803804 -0.341055 0.468328 
0.803811 -0.328686 0.478259 
0.86 0.472242 -0.222646 
0.86227 -0.225987 0.460913 
0.823188 0.447622 -0.369679 
0.83735 -0.22325 0.489812 
0.841017 -0.2425 0.491693 
0.79 0.480674 -0.361953 
0.830036 0.447835 -0.3425 
0.848526 -0.219133 0.486214 
0.863072 -0.224938 0.459882 
0.792602 0.438677 -0.406824 
0.819245 0.4561 -0.367891 
0.835608 -0.26791 0.466648 
0.851657 -0.2425 0.46292 
0.86 -0.227834 0.462616 
0.855909 0.470891 -0.2448 
0.852447 0.462248 -0.210043 
0.837275 0.466988 -0.305253 
0.837347 0.459755 -0.313776 
0.826527 0.453809 -0.35248 
0.828889 0.447181 -0.3425 
0.827549 0.456842 -0.300776 
0.752204 0.619934 -0.235847 
0.828027 0.461983 -0.289182 
0.814739 0.480072 -0.296577 
0.813698 0.488443 -0.283555 
0.830219 0.483329 -0.29272 
0.824185 0.467724 -0.3425 
0.827657 0.484219 -0.255737 
0.824069 0.468005 -0.3425 
0.460735 -0.780822 -0.426648 
0.469092 -0.77077 -0.432041 
0.44658 -0.744459 -0.480333 
0.8642 -0.222694 0.458669 
0.860116 -0.227683 0.462565 
0.456652 -0.77131 -0.439439 
0.477733 -0.851691 -0.238334 
0.448944 -0.769944 -0.43508 
0.48146 -0.848045 -0.212286 
0.859372 -0.222239 0.466956 
0.86 -0.226095 0.461109 
0.44 -0.729627 -0.515 
0.462931 -0.772044 -0.441945 
0.464924 -0.774084 -0.435874 
0.459233 -0.781948 -0.425912 
0.458844 -0.772232 -0.416625 
0.49313 -0.843785 -0.26414 
0.485246 -0.833226 -0.256781 
0.453344 -0.77157 -0.428549 
0.455547 -0.836081 -0.281217 
0.457063 -0.819699 -0.326501 
0.493753 -0.826037 -0.279685 
0.475181 -0.849423 -0.253238 
0.456185 -0.814939 -0.3425 
0.458317 -0.835437 -0.295449 
0.457016 -0.789617 -0.388332 
0.456705 -0.779062 -0.434206 
0.489209 -0.758993 -0.436992 
0.472385 -0.714704 -0.529208 
0.472429 -0.757323 -0.439831 
0.470708 -0.809099 -0.3425 
0.455912 -0.646796 -0.611556 
0.456823 -0.599062 -0.668481 
0.44 -0.582811 -0.6875 
0.44 -0.515156 -0.725751 
0.477266 -0.735215 -0.491663 
0.44 -0.6675 -0.597304 
0.485778 -0.759719 -0.432204 
0.459559 -0.717282 -0.515 
0.44172 -0.741161 -0.515 
0.477405 -0.764326 -0.419593 
0.44 -0.734833 -0.504994 
0.441035 -0.738395 -0.49742 
0.452525 -0.7216 -0.515 
0.44 -0.6675 -0.594517 
0.46106 -0.710531 -0.528768 
0.46977 -0.728918 -0.515 
0.442029 -0.725919 -0.517735 
0.44 -0.6675 -0.594517 
0.86048 -0.226433 0.463377 
0.86 -0.228267 0.459106 
0.443974 -0.753868 -0.48229 
0.44 -0.760234 -0.459154 
0.86 -0.271752 0.443622 
0.44 -0.632013 -0.642465 
0.44 -0.723446 -0.527871 
0.8607 -0.22366 0.445159 
0.44 -0.613223 -0.645182 
0.86 -0.2425 0.440684 
0.805033 -0.375397 0.438379 
0.81266 -0.338442 0.453904 
0.819545 -0.30094 0.470644 
0.832123 -0.288022 0.457106 
0.816204 -0.342129 0.443879 
0.824454 -0.333977 0.434743 
0.828295 -0.307186 0.448978 
0.849391 -0.2425 0.467396 
0.856933 -0.2425 0.446518 
0.86 -0.227572 0.462308 
0.86 -0.237658 0.452145 
0.900432 -0.175023 0.391536 
0.86 -0.2425 0.440818 
0.86 -0.210418 0.4543 
0.86 -0.227432 0.46229 
0.86 -0.225926 0.456276 
0.86 -0.2425 0.447882 
0.862282 -0.226222 0.460821 
0.86 -0.223318 0.45973 
0.881345 -0.230012 0.427487 
0.86 -0.2425 0.448311 
0.870167 -0.2425 0.419706 
0.86 -0.214479 0.453982 
0.86 -0.254028 0.431416 
0.86 -0.216727 0.45084 
0.86 -0.222161 0.447073 
0.927653 -0.0947492 0.3475 
0.943305 -0.03 0.324086 
0.951016 -0.0151006 0.308964 
0.51 0.746143 -0.451993 
0.51 0.698869 -0.510589 
0.914834 -0.11045 0.369019 
0.871196 -0.2425 0.418475 
0.51 0.726918 -0.478108 
0.892993 -0.161154 0.429022 
0.896012 -0.157798 0.424962 
0.902856 -0.125012 0.413001 
0.93 -0.0923279 0.363701 
0.93 -0.103632 0.365616 
0.538341 0.738967 -0.434543 
0.493669 0.737883 -0.455332 
0.505259 0.699337 -0.515 
0.494829 0.72467 -0.482736 
0.924604 -0.0794073 0.358612 
0.499575 0.695766 -0.515 
0.51 0.721203 -0.483842 
0.476125 0.656384 -0.571564 
0.478496 0.650247 -0.576977 
0.482338 0.648588 -0.58293 
0.49861 0.644094 -0.583792 
0.93 -0.0683036 0.362441 
0.474143 0.714555 -0.5112 
0.51 0.75205 -0.446703 
0.509397 0.730376 -0.474734 
0.484805 0.702739 -0.507536 
0.93 -0.03 0.362997 
0.937914 -0.03 0.3475 
0.51 0.722166 -0.483611 
0.481041 0.700761 -0.515 
0.494448 0.640061 -0.585188 
0.478474 0.650168 -0.577087 
0.51 0.721105 -0.484616 
0.509529 0.719198 -0.48617 
0.506169 0.715028 -0.481288 
0.51 0.673782 -0.539638 
0.51 0.69506 -0.515 
0.492904 0.720306 -0.46932 
0.51 0.722814 -0.482861 
0.491975 0.709689 -0.515 
0.498708 0.705249 -0.515 
0.51 0.632133 -0.587867 
0.495125 0.702565 -0.496393 
0.540061 0.736675 -0.435399 
0.51 0.722902 -0.482759 
0.51 0.723243 -0.482365 
0.51 0.709698 -0.498049 
0.934814 -0.03 -0.386417 
0.934175 -0.0418452 -0.376522 
