
position:
 0.65  0.05 -0.05
orientation (quaternion):
1 0 0 0
analytical_ik_status: 0
q_analytical:
0.0767719   1.86839 -0.973542 0.0982876  0.897203  -4.77382
0.0767719   1.86839 -0.973542 0.0982876  0.897203   1.50936
0.0767719   1.86839 -0.973542  -3.04331 -0.897203  -1.63223
0.0767719   1.86839 -0.973542  -3.04331 -0.897203   4.65096
0.0767719   1.86839 -0.973542   3.23988 -0.897203  -1.63223
0.0767719   1.86839 -0.973542   3.23988 -0.897203   4.65096
nonlinear_ik_status: 1
q_nonlinear_ik:
0.0767703   1.86839 -0.973543 0.0986207  0.896972   1.50879
global_ik_status: -2
q_global:
0 0 0 0 0 0
nonlinear_ik_resolve_status: 0
q_nonlinear_ik_resolve:
nan nan nan nan nan nan

position:
 0.65   0.1 -0.05
orientation (quaternion):
1 0 0 0
analytical_ik_status: 0
q_analytical:
0.152649  1.88699 -1.01858 0.198888 0.878215 -4.84038
0.152649  1.88699 -1.01858 0.198888 0.878215   1.4428
 0.152649   1.88699  -1.01858   -2.9427 -0.878215  -1.69879
 0.152649   1.88699  -1.01858   -2.9427 -0.878215    4.5844
 0.152649   1.88699  -1.01858   3.34048 -0.878215  -1.69879
 0.152649   1.88699  -1.01858   3.34048 -0.878215    4.5844
nonlinear_ik_status: 1
q_nonlinear_ik:
0.152648    1.887 -1.01858  0.19915 0.878041  1.44234
global_ik_status: -2
q_global:
0 0 0 0 0 0
nonlinear_ik_resolve_status: 0
q_nonlinear_ik_resolve:
nan nan nan nan nan nan

position:
        0.7        0.05 2.77556e-17
orientation (quaternion):
1 0 0 0
analytical_ik_status: 0
q_analytical:
0.0713075   1.85985  -1.14397  0.108413  0.718789  -4.79412
0.0713075   1.85985  -1.14397  0.108413  0.718789   1.48907
0.0713075   1.85985  -1.14397  -3.03318 -0.718789  -1.65253
0.0713075   1.85985  -1.14397  -3.03318 -0.718789   4.63066
0.0713075   1.85985  -1.14397   3.25001 -0.718789  -1.65253
0.0713075   1.85985  -1.14397   3.25001 -0.718789   4.63066
nonlinear_ik_status: 1
q_nonlinear_ik:
0.0713065   1.85985  -1.14398  0.108878  0.718638   1.48843
global_ik_status: -2
q_global:
0 0 0 0 0 0
nonlinear_ik_resolve_status: 0
q_nonlinear_ik_resolve:
nan nan nan nan nan nan

position:
        0.7         0.1 2.77556e-17
orientation (quaternion):
1 0 0 0
analytical_ik_status: 0
q_analytical:
0.141897   1.8893 -1.20819 0.223105 0.693416 -4.88514
0.141897   1.8893 -1.20819 0.223105 0.693416  1.39805
 0.141897    1.8893  -1.20819  -2.91849 -0.693416  -1.74354
 0.141897    1.8893  -1.20819  -2.91849 -0.693416   4.53964
 0.141897    1.8893  -1.20819    3.3647 -0.693416  -1.74354
 0.141897    1.8893  -1.20819    3.3647 -0.693416   4.53964
nonlinear_ik_status: 1
q_nonlinear_ik:
0.141896   1.8893 -1.20819 0.223582 0.693244  1.39736
global_ik_status: -2
q_global:
0 0 0 0 0 0
nonlinear_ik_resolve_status: 0
q_nonlinear_ik_resolve:
nan nan nan nan nan nan

position:
 0.75 -0.15   0.1
orientation (quaternion):
1 0 0 0
analytical_ik_status: 0
q_analytical:
-0.197396   1.86911   -1.4742 -0.479407  0.439162   -4.2726
-0.197396   1.86911   -1.4742 -0.479407  0.439162   2.01059
-0.197396   1.86911   -1.4742   2.66219 -0.439162    -1.131
-0.197396   1.86911   -1.4742   2.66219 -0.439162   5.15218
nonlinear_ik_status: 1
q_nonlinear_ik:
-0.197396    1.8691  -1.47418 -0.478494   0.43915   2.00962
global_ik_status: -2
q_global:
0 0 0 0 0 0
nonlinear_ik_resolve_status: 0
q_nonlinear_ik_resolve:
nan nan nan nan nan nan

position:
0.75 0.05  0.1
orientation (quaternion):
1 0 0 0
analytical_ik_status: 0
q_analytical:
0.0665682   1.73015  -1.19167  0.129272  0.542176  -4.82329
0.0665682   1.73015  -1.19167  0.129272  0.542176    1.4599
0.0665682   1.73015  -1.19167  -3.01232 -0.542176  -1.68169
0.0665682   1.73015  -1.19167  -3.01232 -0.542176   4.60149
0.0665682   1.73015  -1.19167   3.27086 -0.542176  -1.68169
0.0665682   1.73015  -1.19167   3.27086 -0.542176   4.60149
nonlinear_ik_status: 1
q_nonlinear_ik:
0.0665681   1.73015  -1.19167  0.129904  0.542095   1.45912
global_ik_status: -2
q_global:
0 0 0 0 0 0
nonlinear_ik_resolve_status: 0
q_nonlinear_ik_resolve:
nan nan nan nan nan nan

position:
0.75 0.05 0.15
orientation (quaternion):
1 0 0 0
analytical_ik_status: 0
q_analytical:
0.0665682   1.56992  -1.00847  0.124568  0.564956  -4.81776
0.0665682   1.56992  -1.00847  0.124568  0.564956   1.46543
0.0665682   1.56992  -1.00847  -3.01702 -0.564956  -1.67616
0.0665682   1.56992  -1.00847  -3.01702 -0.564956   4.60702
0.0665682   1.56992  -1.00847   3.26616 -0.564956  -1.67616
0.0665682   1.56992  -1.00847   3.26616 -0.564956   4.60702
nonlinear_ik_status: 1
q_nonlinear_ik:
0.0665685   1.56992  -1.00848  0.125238   0.56485   1.46462
global_ik_status: -2
q_global:
0 0 0 0 0 0
nonlinear_ik_resolve_status: 0
q_nonlinear_ik_resolve:
nan nan nan nan nan nan

position:
0.75 0.05  0.2
orientation (quaternion):
1 0 0 0
analytical_ik_status: 0
q_analytical:
0.0665682   1.44372 -0.896788  0.127493  0.550556   -4.8212
0.0665682   1.44372 -0.896788  0.127493  0.550556   1.46198
0.0665682   1.44372 -0.896788   -3.0141 -0.550556  -1.67961
0.0665682   1.44372 -0.896788   -3.0141 -0.550556   4.60357
0.0665682   1.44372 -0.896788   3.26909 -0.550556  -1.67961
0.0665682   1.44372 -0.896788   3.26909 -0.550556   4.60357
nonlinear_ik_status: 1
q_nonlinear_ik:
0.0665689   1.44372 -0.896789  0.128129  0.550456    1.4612
global_ik_status: -2
q_global:
0 0 0 0 0 0
nonlinear_ik_resolve_status: 0
q_nonlinear_ik_resolve:
nan nan nan nan nan nan

position:
0.75 0.05 0.25
orientation (quaternion):
1 0 0 0
analytical_ik_status: 0
q_analytical:
0.0665682   1.33613 -0.825532  0.135579   0.51454  -4.83059
0.0665682   1.33613 -0.825532  0.135579   0.51454    1.4526
0.0665682   1.33613 -0.825532  -3.00601  -0.51454    -1.689
0.0665682   1.33613 -0.825532  -3.00601  -0.51454   4.59419
0.0665682   1.33613 -0.825532   3.27717  -0.51454    -1.689
0.0665682   1.33613 -0.825532   3.27717  -0.51454   4.59419
nonlinear_ik_status: 1
q_nonlinear_ik:
0.0665693   1.33613 -0.825532  0.136281  0.514448   1.45176
global_ik_status: -2
q_global:
0 0 0 0 0 0
nonlinear_ik_resolve_status: 0
q_nonlinear_ik_resolve:
nan nan nan nan nan nan

position:
0.75 0.05  0.3
orientation (quaternion):
1 0 0 0
analytical_ik_status: 0
q_analytical:
0.0665682   1.24279 -0.784915  0.149687  0.462349  -4.84656
0.0665682   1.24279 -0.784915  0.149687  0.462349   1.43663
0.0665682   1.24279 -0.784915  -2.99191 -0.462349  -1.70497
0.0665682   1.24279 -0.784915  -2.99191 -0.462349   4.57822
0.0665682   1.24279 -0.784915   3.29128 -0.462349  -1.70497
0.0665682   1.24279 -0.784915   3.29128 -0.462349   4.57822
nonlinear_ik_status: 1
q_nonlinear_ik:
0.0665698   1.24279 -0.784916  0.150499  0.462269   1.43569
global_ik_status: -2
q_global:
0 0 0 0 0 0
nonlinear_ik_resolve_status: 0
q_nonlinear_ik_resolve:
nan nan nan nan nan nan

position:
0.75 0.05 0.35
orientation (quaternion):
1 0 0 0
analytical_ik_status: 0
q_analytical:
0.0665682   1.16244 -0.771061  0.173018  0.396712  -4.87221
0.0665682   1.16244 -0.771061  0.173018  0.396712   1.41098
0.0665682   1.16244 -0.771061  -2.96857 -0.396712  -1.73061
0.0665682   1.16244 -0.771061  -2.96857 -0.396712   4.55257
0.0665682   1.16244 -0.771061   3.31461 -0.396712  -1.73061
0.0665682   1.16244 -0.771061   3.31461 -0.396712   4.55257
nonlinear_ik_status: 1
q_nonlinear_ik:
0.0665702   1.16244 -0.771062  0.173967   0.39665   1.40991
global_ik_status: -2
q_global:
0 0 0 0 0 0
nonlinear_ik_resolve_status: 0
q_nonlinear_ik_resolve:
nan nan nan nan nan nan

position:
0.75 0.05  0.4
orientation (quaternion):
1 0 0 0
analytical_ik_status: 0
q_analytical:
0.0665682   1.09529 -0.782851  0.213579  0.319224  -4.91548
0.0665682   1.09529 -0.782851  0.213579  0.319224   1.36771
0.0665682   1.09529 -0.782851  -2.92801 -0.319224  -1.77389
0.0665682   1.09529 -0.782851  -2.92801 -0.319224    4.5093
0.0665682   1.09529 -0.782851   3.35517 -0.319224  -1.77389
0.0665682   1.09529 -0.782851   3.35517 -0.319224    4.5093
0.0665682    1.9057  -2.35874  -3.29274  0.457567  -1.43499
0.0665682    1.9057  -2.35874  -3.29274  0.457567   4.84819
0.0665682    1.9057  -2.35874   2.99044  0.457567  -1.43499
0.0665682    1.9057  -2.35874   2.99044  0.457567   4.84819
0.0665682    1.9057  -2.35874  -0.15115 -0.457567  -4.57659
0.0665682    1.9057  -2.35874  -0.15115 -0.457567    1.7066
nonlinear_ik_status: 1
q_nonlinear_ik:
0.0665706   1.09529 -0.782851  0.214728  0.319181   1.36646
global_ik_status: -2
q_global:
0 0 0 0 0 0
nonlinear_ik_resolve_status: 0
q_nonlinear_ik_resolve:
nan nan nan nan nan nan

position:
0.75 0.05 0.45
orientation (quaternion):
1 0 0 0
analytical_ik_status: 0
q_analytical:
0.0665682   1.04259  -0.82123  0.294789     0.231  -4.99978
0.0665682   1.04259  -0.82123  0.294789     0.231   1.28341
0.0665682   1.04259  -0.82123   -2.8468    -0.231  -1.85818
0.0665682   1.04259  -0.82123   -2.8468    -0.231     4.425
0.0665682   1.04259  -0.82123   3.43638    -0.231  -1.85818
0.0665682   1.04259  -0.82123   3.43638    -0.231     4.425
0.0665682   1.81342  -2.32036  -3.27805  0.510913  -1.45159
0.0665682   1.81342  -2.32036  -3.27805  0.510913    4.8316
0.0665682   1.81342  -2.32036   3.00513  0.510913  -1.45159
0.0665682   1.81342  -2.32036   3.00513  0.510913    4.8316
0.0665682   1.81342  -2.32036 -0.136461 -0.510913  -4.59318
0.0665682   1.81342  -2.32036 -0.136461 -0.510913   1.69001
nonlinear_ik_status: 1
q_nonlinear_ik:
 0.066571    1.0426 -0.821231  0.296421  0.230972   1.28171
global_ik_status: -2
q_global:
0 0 0 0 0 0
nonlinear_ik_resolve_status: 0
q_nonlinear_ik_resolve:
nan nan nan nan nan nan

position:
0.75 0.05  0.5
orientation (quaternion):
1 0 0 0
analytical_ik_status: 0
q_analytical:
0.0665682   1.00692 -0.889792  0.518426  0.134649  -5.22691
0.0665682   1.00692 -0.889792  0.518426  0.134649   1.05627
0.0665682   1.00692 -0.889792  -2.62317 -0.134649  -2.08532
0.0665682   1.00692 -0.889792  -2.62317 -0.134649   4.19787
0.0665682   1.70708   -2.2518  -3.26954  0.548369  -1.46144
0.0665682   1.70708   -2.2518  -3.26954  0.548369   4.82174
0.0665682   1.70708   -2.2518   3.01364  0.548369  -1.46144
0.0665682   1.70708   -2.2518   3.01364  0.548369   4.82174
0.0665682   1.70708   -2.2518 -0.127952 -0.548369  -4.60304
0.0665682   1.70708   -2.2518 -0.127952 -0.548369   1.68015
nonlinear_ik_status: 1
q_nonlinear_ik:
0.0665714   1.00692 -0.889792  0.521947  0.134619   1.05264
global_ik_status: -2
q_global:
0 0 0 0 0 0
nonlinear_ik_resolve_status: 0
q_nonlinear_ik_resolve:
nan nan nan nan nan nan

position:
0.75 0.05 0.55
orientation (quaternion):
1 0 0 0
analytical_ik_status: 0
q_analytical:
0.0665682  0.993546 -0.997599   1.63152 0.0666913  -6.34404
 0.0665682   0.993546  -0.997599    1.63152  0.0666913 -0.0608575
0.0665682  0.993546 -0.997599   1.63152 0.0666913   6.22233
 0.0665682   0.993546  -0.997599   -1.51007 -0.0666913   -3.20245
 0.0665682   0.993546  -0.997599   -1.51007 -0.0666913    3.08074
0.0665682   1.58267  -2.14399  -3.26619  0.564833   -1.4654
0.0665682   1.58267  -2.14399  -3.26619  0.564833   4.81779
0.0665682   1.58267  -2.14399     3.017  0.564833   -1.4654
0.0665682   1.58267  -2.14399     3.017  0.564833   4.81779
0.0665682   1.58267  -2.14399 -0.124593 -0.564833  -4.60699
0.0665682   1.58267  -2.14399 -0.124593 -0.564833   1.67619
nonlinear_ik_status: 1
q_nonlinear_ik:
0.0665719  0.993547   -0.9976   1.61737 0.0666512 -0.046819
global_ik_status: -2
q_global:
0 0 0 0 0 0
nonlinear_ik_resolve_status: 0
q_nonlinear_ik_resolve:
nan nan nan nan nan nan

position:
0.75 0.05  0.6
orientation (quaternion):
1 0 0 0
analytical_ik_status: 0
q_analytical:
0.0665682    1.0172  -1.17238   2.73436  0.168748  -1.16874
0.0665682    1.0172  -1.17238   2.73436  0.168748   5.11444
0.0665682    1.0172  -1.17238 -0.407231 -0.168748  -4.31034
0.0665682    1.0172  -1.17238 -0.407231 -0.168748   1.97285
0.0665682   1.42653  -1.96921  -3.26997  0.546341  -1.46094
0.0665682   1.42653  -1.96921  -3.26997  0.546341   4.82224
0.0665682   1.42653  -1.96921   3.01321  0.546341  -1.46094
0.0665682   1.42653  -1.96921   3.01321  0.546341   4.82224
0.0665682   1.42653  -1.96921 -0.128381 -0.546341  -4.60253
0.0665682   1.42653  -1.96921 -0.128381 -0.546341   1.68065
nonlinear_ik_status: 1
q_nonlinear_ik:
0.0665723   1.01721  -1.17238 -0.402232 -0.168773   1.96786
global_ik_status: -2
q_global:
0 0 0 0 0 0
nonlinear_ik_resolve_status: 0
q_nonlinear_ik_resolve:
nan nan nan nan nan nan

position:
0.75  0.1  0.1
orientation (quaternion):
1 0 0 0
analytical_ik_status: 0
q_analytical:
0.132552   1.7659 -1.26582  0.27122 0.515902 -4.94971
0.132552   1.7659 -1.26582  0.27122 0.515902  1.33347
 0.132552    1.7659  -1.26582  -2.87037 -0.515902  -1.80812
 0.132552    1.7659  -1.26582  -2.87037 -0.515902   4.47507
 0.132552    1.7659  -1.26582   3.41281 -0.515902  -1.80812
 0.132552    1.7659  -1.26582   3.41281 -0.515902   4.47507
nonlinear_ik_status: 1
q_nonlinear_ik:
0.132551   1.7659 -1.26583 0.271918 0.515788  1.33261
global_ik_status: -2
q_global:
0 0 0 0 0 0
nonlinear_ik_resolve_status: 0
q_nonlinear_ik_resolve:
nan nan nan nan nan nan

position:
0.75  0.1 0.15
orientation (quaternion):
1 0 0 0
analytical_ik_status: 0
q_analytical:
0.132552  1.59292   -1.057 0.255415 0.550503 -4.93136
0.132552  1.59292   -1.057 0.255415 0.550503  1.35182
 0.132552   1.59292    -1.057  -2.88618 -0.550503  -1.78977
 0.132552   1.59292    -1.057  -2.88618 -0.550503   4.49342
 0.132552   1.59292    -1.057   3.39701 -0.550503  -1.78977
 0.132552   1.59292    -1.057   3.39701 -0.550503   4.49342
nonlinear_ik_status: 1
q_nonlinear_ik:
0.132552  1.59292 -1.05701 0.256212 0.550351   1.3508
global_ik_status: -2
q_global:
0 0 0 0 0 0
nonlinear_ik_resolve_status: 0
q_nonlinear_ik_resolve:
nan nan nan nan nan nan

position:
0.75  0.1  0.2
orientation (quaternion):
1 0 0 0
analytical_ik_status: 0
q_analytical:
 0.132552   1.46325 -0.937691  0.259762  0.540489  -4.93645
 0.132552   1.46325 -0.937691  0.259762  0.540489   1.34674
 0.132552   1.46325 -0.937691  -2.88183 -0.540489  -1.79485
 0.132552   1.46325 -0.937691  -2.88183 -0.540489   4.48833
 0.132552   1.46325 -0.937691   3.40135 -0.540489  -1.79485
 0.132552   1.46325 -0.937691   3.40135 -0.540489   4.48833
nonlinear_ik_status: 1
q_nonlinear_ik:
 0.132552   1.46325 -0.937693  0.260551  0.540346   1.34573
global_ik_status: -2
q_global:
0 0 0 0 0 0
nonlinear_ik_resolve_status: 0
q_nonlinear_ik_resolve:
nan nan nan nan nan nan

position:
0.75  0.1 0.25
orientation (quaternion):
1 0 0 0
analytical_ik_status: 0
q_analytical:
 0.132552   1.35437 -0.862969   0.27539  0.507548  -4.95449
 0.132552   1.35437 -0.862969   0.27539  0.507548   1.32869
 0.132552   1.35437 -0.862969   -2.8662 -0.507548   -1.8129
 0.132552   1.35437 -0.862969   -2.8662 -0.507548   4.47028
 0.132552   1.35437 -0.862969   3.41698 -0.507548   -1.8129
 0.132552   1.35437 -0.862969   3.41698 -0.507548   4.47028
nonlinear_ik_status: 1
q_nonlinear_ik:
0.132553  1.35437 -0.86297 0.276224 0.507422  1.32764
global_ik_status: -2
q_global:
0 0 0 0 0 0
nonlinear_ik_resolve_status: 0
q_nonlinear_ik_resolve:
nan nan nan nan nan nan

position:
0.75  0.1  0.3
orientation (quaternion):
1 0 0 0
analytical_ik_status: 0
q_analytical:
 0.132552    1.2607 -0.820714  0.303378  0.458268  -4.98609
 0.132552    1.2607 -0.820714  0.303378  0.458268    1.2971
 0.132552    1.2607 -0.820714  -2.83821 -0.458268  -1.84449
 0.132552    1.2607 -0.820714  -2.83821 -0.458268   4.43869
 0.132552    1.2607 -0.820714   3.44497 -0.458268  -1.84449
 0.132552    1.2607 -0.820714   3.44497 -0.458268   4.43869
nonlinear_ik_status: 1
q_nonlinear_ik:
 0.132553    1.2607 -0.820716  0.304294  0.458166   1.29598
global_ik_status: -2
q_global:
0 0 0 0 0 0
nonlinear_ik_resolve_status: 0
q_nonlinear_ik_resolve:
nan nan nan nan nan nan

position:
0.75  0.1 0.35
orientation (quaternion):
1 0 0 0
analytical_ik_status: 0
q_analytical:
 0.132552   1.18062 -0.806348  0.349712  0.396006  -5.03697
 0.132552   1.18062 -0.806348  0.349712  0.396006   1.24622
 0.132552   1.18062 -0.806348  -2.79188 -0.396006  -1.89537
 0.132552   1.18062 -0.806348  -2.79188 -0.396006   4.38781
nonlinear_ik_status: 1
q_nonlinear_ik:
0.132554  1.18062 -0.80635 0.350728 0.395943  1.24503
global_ik_status: -2
q_global:
0 0 0 0 0 0
nonlinear_ik_resolve_status: 0
q_nonlinear_ik_resolve:
nan nan nan nan nan nan

position:
0.75  0.1  0.4
orientation (quaternion):
1 0 0 0
analytical_ik_status: 0
q_analytical:
 0.132552   1.11422 -0.818572  0.429178  0.323205   -5.1218
 0.132552   1.11422 -0.818572  0.429178  0.323205   1.16139
 0.132552   1.11422 -0.818572  -2.71242 -0.323205  -1.98021
 0.132552   1.11422 -0.818572  -2.71242 -0.323205   4.30298
0.132552  1.88779 -2.32302 -3.44788 0.453731 -1.29386
0.132552  1.88779 -2.32302 -3.44788 0.453731  4.98933
0.132552  1.88779 -2.32302   2.8353 0.453731 -1.29386
0.132552  1.88779 -2.32302   2.8353 0.453731  4.98933
 0.132552   1.88779  -2.32302 -0.306289 -0.453731  -4.43545
 0.132552   1.88779  -2.32302 -0.306289 -0.453731   1.84773
nonlinear_ik_status: 1
q_nonlinear_ik:
 0.132554   1.11422 -0.818574  0.430531  0.323123   1.15986
global_ik_status: -2
q_global:
0 0 0 0 0 0
nonlinear_ik_resolve_status: 0
q_nonlinear_ik_resolve:
nan nan nan nan nan nan

position:
0.75  0.1 0.45
orientation (quaternion):
1 0 0 0
analytical_ik_status: 0
q_analytical:
 0.132552   1.06282 -0.858483  0.581341  0.243058  -5.28012
 0.132552   1.06282 -0.858483  0.581341  0.243058   1.00307
 0.132552   1.06282 -0.858483  -2.56025 -0.243058  -2.13853
 0.132552   1.06282 -0.858483  -2.56025 -0.243058   4.14466
0.132552  1.79524 -2.28311 -3.41872 0.504151  -1.3267
0.132552  1.79524 -2.28311 -3.41872 0.504151  4.95648
0.132552  1.79524 -2.28311  2.86446 0.504151  -1.3267
0.132552  1.79524 -2.28311  2.86446 0.504151  4.95648
 0.132552   1.79524  -2.28311 -0.277128 -0.504151   -4.4683
 0.132552   1.79524  -2.28311 -0.277128 -0.504151   1.81489
nonlinear_ik_status: 1
q_nonlinear_ik:
 0.132554   1.06282 -0.858485  0.583102  0.242983   1.00107
global_ik_status: -2
q_global:
0 0 0 0 0 0
nonlinear_ik_resolve_status: 0
q_nonlinear_ik_resolve:
nan nan nan nan nan nan

position:
0.75  0.1  0.5
orientation (quaternion):
1 0 0 0
analytical_ik_status: 0
q_analytical:
 0.132552    1.0293 -0.930315  0.932982  0.165257   -5.6388
 0.132552    1.0293 -0.930315  0.932982  0.165257  0.644389
 0.132552    1.0293 -0.930315  0.932982  0.165257   6.92757
 0.132552    1.0293 -0.930315  -2.20861 -0.165257   -2.4972
 0.132552    1.0293 -0.930315  -2.20861 -0.165257   3.78598
0.132552   1.6877 -2.21128 -3.40221 0.538573 -1.34575
0.132552   1.6877 -2.21128 -3.40221 0.538573  4.93744
0.132552   1.6877 -2.21128  2.88098 0.538573 -1.34575
0.132552   1.6877 -2.21128  2.88098 0.538573  4.93744
 0.132552    1.6877  -2.21128 -0.260614 -0.538573  -4.48734
 0.132552    1.6877  -2.21128 -0.260614 -0.538573   1.79585
nonlinear_ik_status: 1
q_nonlinear_ik:
 0.132555    1.0293 -0.930317  0.930255  0.165232  0.646904
global_ik_status: -2
q_global:
0 0 0 0 0 0
nonlinear_ik_resolve_status: 0
q_nonlinear_ik_resolve:
nan nan nan nan nan nan

position:
0.75  0.1 0.55
orientation (quaternion):
1 0 0 0
analytical_ik_status: 0
q_analytical:
0.132552     1.02 -1.04523  1.75781 0.134918 -6.47187
 0.132552      1.02  -1.04523   1.75781  0.134918 -0.188685
0.132552     1.02 -1.04523  1.75781 0.134918   6.0945
 0.132552      1.02  -1.04523  -1.38379 -0.134918  -3.33028
 0.132552      1.02  -1.04523  -1.38379 -0.134918   2.95291
0.132552   1.5601 -2.09636 -3.39686  0.55084 -1.35199
0.132552   1.5601 -2.09636 -3.39686  0.55084  4.93119
0.132552   1.5601 -2.09636  2.88632  0.55084 -1.35199
0.132552   1.5601 -2.09636  2.88632  0.55084  4.93119
 0.132552    1.5601  -2.09636 -0.255272  -0.55084  -4.49358
 0.132552    1.5601  -2.09636 -0.255272  -0.55084    1.7896
nonlinear_ik_status: 1
q_nonlinear_ik:
 0.132555      1.02  -1.04523   1.74997  0.134961 -0.180824
global_ik_status: -2
q_global:
0 0 0 0 0 0
nonlinear_ik_resolve_status: 0
q_nonlinear_ik_resolve:
nan nan nan nan nan nan

position:
0.75  0.1  0.6
orientation (quaternion):
1 0 0 0
analytical_ik_status: 0
q_analytical:
 0.132552    1.0555  -1.24235   2.51907  0.228649 -0.960709
0.132552   1.0555 -1.24235  2.51907 0.228649  5.32248
 0.132552    1.0555  -1.24235 -0.622525 -0.228649   -4.1023
 0.132552    1.0555  -1.24235 -0.622525 -0.228649   2.18088
0.132552   1.3929 -1.89924 -3.40989 0.521943 -1.33684
0.132552   1.3929 -1.89924 -3.40989 0.521943  4.94634
0.132552   1.3929 -1.89924   2.8733 0.521943 -1.33684
0.132552   1.3929 -1.89924   2.8733 0.521943  4.94634
 0.132552    1.3929  -1.89924 -0.268295 -0.521943  -4.47843
 0.132552    1.3929  -1.89924 -0.268295 -0.521943   1.80475
nonlinear_ik_status: 1
q_nonlinear_ik:
 0.132556    1.0555  -1.24235 -0.620496 -0.228627   2.17881
global_ik_status: -2
q_global:
0 0 0 0 0 0
nonlinear_ik_resolve_status: 0
q_nonlinear_ik_resolve:
nan nan nan nan nan nan

position:
0.75 0.15  0.1
orientation (quaternion):
1 0 0 0
analytical_ik_status: 0
q_analytical:
0.197396  1.86911  -1.4742 0.479407 0.439162 -5.15218
0.197396  1.86911  -1.4742 0.479407 0.439162    1.131
 0.197396   1.86911   -1.4742  -2.66219 -0.439162  -2.01059
 0.197396   1.86911   -1.4742  -2.66219 -0.439162    4.2726
nonlinear_ik_status: 1
q_nonlinear_ik:
0.197395  1.86912 -1.47422 0.480231 0.439032  1.12996
global_ik_status: -2
q_global:
0 0 0 0 0 0
nonlinear_ik_resolve_status: 0
q_nonlinear_ik_resolve:
nan nan nan nan nan nan

position:
0.75 0.15 0.15
orientation (quaternion):
1 0 0 0
analytical_ik_status: 0
q_analytical:
0.197396  1.63704 -1.14904 0.403193 0.523415 -5.06629
0.197396  1.63704 -1.14904 0.403193 0.523415   1.2169
 0.197396   1.63704  -1.14904   -2.7384 -0.523415   -1.9247
 0.197396   1.63704  -1.14904   -2.7384 -0.523415   4.35849
nonlinear_ik_status: 1
q_nonlinear_ik:
0.197396  1.63705 -1.14904 0.403831 0.523298  1.21606
global_ik_status: -2
q_global:
0 0 0 0 0 0
nonlinear_ik_resolve_status: 0
q_nonlinear_ik_resolve:
nan nan nan nan nan nan

position:
0.75 0.15  0.2
orientation (quaternion):
1 0 0 0
analytical_ik_status: 0
q_analytical:
0.197396  1.49879 -1.01159 0.403741 0.522675 -5.06692
0.197396  1.49879 -1.01159 0.403741 0.522675  1.21627
 0.197396   1.49879  -1.01159  -2.73785 -0.522675  -1.92533
 0.197396   1.49879  -1.01159  -2.73785 -0.522675   4.35786
nonlinear_ik_status: 1
q_nonlinear_ik:
0.197396   1.4988  -1.0116 0.404562 0.522512  1.21519
global_ik_status: -2
q_global:
0 0 0 0 0 0
nonlinear_ik_resolve_status: 0
q_nonlinear_ik_resolve:
nan nan nan nan nan nan

position:
0.75 0.15 0.25
orientation (quaternion):
1 0 0 0
analytical_ik_status: 0
q_analytical:
 0.197396   1.38687 -0.929397   0.42519  0.495464  -5.09148
 0.197396   1.38687 -0.929397   0.42519  0.495464    1.1917
 0.197396   1.38687 -0.929397   -2.7164 -0.495464  -1.94989
 0.197396   1.38687 -0.929397   -2.7164 -0.495464    4.3333
nonlinear_ik_status: 1
q_nonlinear_ik:
0.197397  1.38687  -0.9294 0.425871 0.495341  1.19078
global_ik_status: -2
q_global:
0 0 0 0 0 0
nonlinear_ik_resolve_status: 0
q_nonlinear_ik_resolve:
nan nan nan nan nan nan

position:
0.75 0.15  0.3
orientation (quaternion):
1 0 0 0
analytical_ik_status: 0
q_analytical:
0.197396   1.2923 -0.88374 0.466376 0.451316 -5.13774
0.197396   1.2923 -0.88374 0.466376 0.451316  1.14544
 0.197396    1.2923  -0.88374  -2.67522 -0.451316  -1.99615
 0.197396    1.2923  -0.88374  -2.67522 -0.451316   4.28703
nonlinear_ik_status: 1
q_nonlinear_ik:
 0.197397    1.2923 -0.883742   0.46734   0.45119   1.14421
global_ik_status: -2
q_global:
0 0 0 0 0 0
nonlinear_ik_resolve_status: 0
q_nonlinear_ik_resolve:
nan nan nan nan nan nan

position:
0.75 0.15 0.35
orientation (quaternion):
1 0 0 0
analytical_ik_status: 0
q_analytical:
 0.197396   1.21254 -0.868325  0.535015   0.39483  -5.21298
 0.197396   1.21254 -0.868325  0.535015   0.39483    1.0702
 0.197396   1.21254 -0.868325  -2.60658  -0.39483  -2.07139
 0.197396   1.21254 -0.868325  -2.60658  -0.39483   4.21179
nonlinear_ik_status: 1
q_nonlinear_ik:
 0.197398   1.21254 -0.868327  0.536006  0.394712   1.06896
global_ik_status: -2
q_global:
0 0 0 0 0 0
nonlinear_ik_resolve_status: 0
q_nonlinear_ik_resolve:
nan nan nan nan nan nan

position:
0.75 0.15  0.4
orientation (quaternion):
1 0 0 0
analytical_ik_status: 0
q_analytical:
 0.197396   1.14744 -0.881438  0.650378  0.329847  -5.33627
 0.197396   1.14744 -0.881438  0.650378  0.329847  0.946913
 0.197396   1.14744 -0.881438  -2.49121 -0.329847  -2.19468
 0.197396   1.14744 -0.881438  -2.49121 -0.329847   4.08851
0.197396  1.85621 -2.26015   2.6709 0.447202 -1.14065
0.197396  1.85621 -2.26015   2.6709 0.447202  5.14254
 0.197396   1.85621  -2.26015 -0.470695 -0.447202  -4.28224
 0.197396   1.85621  -2.26015 -0.470695 -0.447202   2.00095
nonlinear_ik_status: 1
q_nonlinear_ik:
0.197398  1.14745 -0.88144 0.651274 0.329739 0.945713
global_ik_status: -2
q_global:
0 0 0 0 0 0
nonlinear_ik_resolve_status: 0
q_nonlinear_ik_resolve:
nan nan nan nan nan nan

position:
0.75 0.15 0.45
orientation (quaternion):
1 0 0 0
analytical_ik_status: 0
q_analytical:
 0.197396    1.0985 -0.924526  0.857385  0.262367   -5.5525
 0.197396    1.0985 -0.924526  0.857385  0.262367  0.730681
 0.197396    1.0985 -0.924526  -2.28421 -0.262367  -2.41091
 0.197396    1.0985 -0.924526  -2.28421 -0.262367   3.87227
0.197396  1.76287 -2.21707  2.71389  0.49248 -1.18884
0.197396  1.76287 -2.21707  2.71389  0.49248  5.09434
 0.197396   1.76287  -2.21707 -0.427708  -0.49248  -4.33044
 0.197396   1.76287  -2.21707 -0.427708  -0.49248   1.95275
nonlinear_ik_status: 1
q_nonlinear_ik:
 0.197398    1.0985 -0.924529  0.856371  0.262238   0.73133
global_ik_status: -2
q_global:
0 0 0 0 0 0
nonlinear_ik_resolve_status: 0
q_nonlinear_ik_resolve:
nan nan nan nan nan nan

position:
0.75 0.15  0.5
orientation (quaternion):
1 0 0 0
analytical_ik_status: 0
q_analytical:
0.197396  1.06935 -1.00338   1.2524 0.207991 -5.95825
0.197396  1.06935 -1.00338   1.2524 0.207991 0.324931
0.197396  1.06935 -1.00338   1.2524 0.207991  6.60812
 0.197396   1.06935  -1.00338  -1.88919 -0.207991  -2.81666
 0.197396   1.06935  -1.00338  -1.88919 -0.207991   3.46652
0.197396  1.65253 -2.13821  2.73682 0.521283 -1.21507
0.197396  1.65253 -2.13821  2.73682 0.521283  5.06811
 0.197396   1.65253  -2.13821 -0.404776 -0.521283  -4.35666
 0.197396   1.65253  -2.13821 -0.404776 -0.521283   1.92652
nonlinear_ik_status: 1
q_nonlinear_ik:
0.197399  1.06935 -1.00338  1.25058 0.207972 0.326667
global_ik_status: -2
q_global:
0 0 0 0 0 0
nonlinear_ik_resolve_status: 0
q_nonlinear_ik_resolve:
nan nan nan nan nan nan

position:
0.75 0.15 0.55
orientation (quaternion):
1 0 0 0
analytical_ik_status: 0
q_analytical:
0.197396   1.0693 -1.13497  1.88783 0.207897 -6.60673
0.197396   1.0693 -1.13497  1.88783 0.207897 -0.32354
0.197396   1.0693 -1.13497  1.88783 0.207897  5.95964
 0.197396    1.0693  -1.13497  -1.25376 -0.207897  -3.46513
 0.197396    1.0693  -1.13497  -1.25376 -0.207897   2.81805
0.197396   1.5171 -2.00662  2.73943 0.524811 -1.21809
0.197396   1.5171 -2.00662  2.73943 0.524811   5.0651
 0.197396    1.5171  -2.00662 -0.402164 -0.524811  -4.35968
 0.197396    1.5171  -2.00662 -0.402164 -0.524811   1.92351
nonlinear_ik_status: 1
q_nonlinear_ik:
0.197399  1.06931 -1.13498  1.88421 0.207947 -0.32004
global_ik_status: -2
q_global:
0 0 0 0 0 0
nonlinear_ik_resolve_status: 0
q_nonlinear_ik_resolve:
nan nan nan nan nan nan

position:
0.75 0.15  0.6
orientation (quaternion):
1 0 0 0
analytical_ik_status: 0
q_analytical:
 0.197396   1.14844  -1.41591   2.49379  0.331012 -0.949638
0.197396  1.14844 -1.41591  2.49379 0.331012  5.33355
 0.197396   1.14844  -1.41591   -0.6478 -0.331012  -4.09123
 0.197396   1.14844  -1.41591   -0.6478 -0.331012   2.19195
0.197396  1.30752 -1.72569  2.68396 0.459917 -1.15517
0.197396  1.30752 -1.72569  2.68396 0.459917  5.12801
 0.197396   1.30752  -1.72569 -0.457636 -0.459917  -4.29677
 0.197396   1.30752  -1.72569 -0.457636 -0.459917   1.98642
nonlinear_ik_status: 1
q_nonlinear_ik:
   0.1974   1.14844  -1.41591   2.49226  0.330985 -0.948161
global_ik_status: -2
q_global:
0 0 0 0 0 0
nonlinear_ik_resolve_status: 0
q_nonlinear_ik_resolve:
nan nan nan nan nan nan

position:
0.75  0.2 0.15
orientation (quaternion):
1 0 0 0
analytical_ik_status: 0
q_analytical:
0.260602  1.72438 -1.32739 0.603771 0.471059 -5.26345
0.260602  1.72438 -1.32739 0.603771 0.471059  1.01973
 0.260602   1.72438  -1.32739  -2.53782 -0.471059  -2.12186
 0.260602   1.72438  -1.32739  -2.53782 -0.471059   4.16132
nonlinear_ik_status: 1
q_nonlinear_ik:
0.260603  1.72439  -1.3274 0.604267 0.470916  1.01896
global_ik_status: -2
q_global:
0 0 0 0 0 0
nonlinear_ik_resolve_status: 0
q_nonlinear_ik_resolve:
nan nan nan nan nan nan

position:
0.75  0.2  0.2
orientation (quaternion):
1 0 0 0
analytical_ik_status: 0
q_analytical:
0.260602  1.55806 -1.13333 0.574362 0.494118 -5.23026
0.260602  1.55806 -1.13333 0.574362 0.494118  1.05293
 0.260602   1.55806  -1.13333  -2.56723 -0.494118  -2.08866
 0.260602   1.55806  -1.13333  -2.56723 -0.494118   4.19452
nonlinear_ik_status: 1
q_nonlinear_ik:
0.260603  1.55806 -1.13334 0.574836 0.493984  1.05219
global_ik_status: -2
q_global:
0 0 0 0 0 0
nonlinear_ik_resolve_status: 0
q_nonlinear_ik_resolve:
nan nan nan nan nan nan

position:
0.75  0.2 0.25
orientation (quaternion):
1 0 0 0
analytical_ik_status: 0
q_analytical:
0.260602  1.43847 -1.03412 0.595681 0.477131 -5.25436
0.260602  1.43847 -1.03412 0.595681 0.477131  1.02882
 0.260602   1.43847  -1.03412  -2.54591 -0.477131  -2.11277
 0.260602   1.43847  -1.03412  -2.54591 -0.477131   4.17042
nonlinear_ik_status: 1
q_nonlinear_ik:
0.260603  1.43847 -1.03412 0.596162 0.476963  1.02804
global_ik_status: -2
q_global:
0 0 0 0 0 0
nonlinear_ik_resolve_status: 0
q_nonlinear_ik_resolve:
nan nan nan nan nan nan

position:
0.75  0.2  0.3
orientation (quaternion):
1 0 0 0
analytical_ik_status: 0
q_analytical:
 0.260602   1.34139 -0.981384  0.647954   0.44107  -5.31266
 0.260602   1.34139 -0.981384  0.647954   0.44107  0.970525
 0.260602   1.34139 -0.981384  -2.49364  -0.44107  -2.17107
 0.260602   1.34139 -0.981384  -2.49364  -0.44107   4.11212
nonlinear_ik_status: 1
q_nonlinear_ik:
 0.260604   1.34139 -0.981388  0.648354  0.440923  0.969824
global_ik_status: -2
q_global:
0 0 0 0 0 0
nonlinear_ik_resolve_status: 0
q_nonlinear_ik_resolve:
nan nan nan nan nan nan

position:
0.75  0.2 0.35
orientation (quaternion):
1 0 0 0
analytical_ik_status: 0
q_analytical:
0.260602   1.2617 -0.96386 0.737611 0.393181 -5.41068
0.260602   1.2617 -0.96386 0.737611 0.393181 0.872501
 0.260602    1.2617  -0.96386  -2.40398 -0.393181  -2.26909
 0.260602    1.2617  -0.96386  -2.40398 -0.393181   4.01409
 0.260602   1.88556  -2.17773    2.3947  0.389007 -0.862457
0.260602  1.88556 -2.17773   2.3947 0.389007  5.42073
 0.260602   1.88556  -2.17773 -0.746897 -0.389007  -4.00405
 0.260602   1.88556  -2.17773 -0.746897 -0.389007   2.27914
nonlinear_ik_status: 1
q_nonlinear_ik:
 0.260604    1.2617 -0.963863  0.737763  0.393025  0.872018
global_ik_status: -2
q_global:
0 0 0 0 0 0
nonlinear_ik_resolve_status: 0
q_nonlinear_ik_resolve:
nan nan nan nan nan nan

position:
0.75  0.2  0.4
orientation (quaternion):
1 0 0 0
analytical_ik_status: 0
q_analytical:
 0.260602   1.19867 -0.978759  0.885152  0.339369  -5.56861
 0.260602   1.19867 -0.978759  0.885152  0.339369  0.714577
 0.260602   1.19867 -0.978759  -2.25644 -0.339369  -2.42702
 0.260602   1.19867 -0.978759  -2.25644 -0.339369   3.85617
 0.260602   1.80719  -2.16283   2.48802  0.437599 -0.964313
0.260602  1.80719 -2.16283  2.48802 0.437599  5.31887
 0.260602   1.80719  -2.16283 -0.653577 -0.437599  -4.10591
 0.260602   1.80719  -2.16283 -0.653577 -0.437599   2.17728
nonlinear_ik_status: 1
q_nonlinear_ik:
 0.260605   1.19867 -0.978763  0.884323  0.339231  0.715059
global_ik_status: -2
q_global:
0 0 0 0 0 0
nonlinear_ik_resolve_status: 0
q_nonlinear_ik_resolve:
nan nan nan nan nan nan

position:
0.75  0.2 0.45
orientation (quaternion):
1 0 0 0
analytical_ik_status: 0
q_analytical:
0.260602  1.15421 -1.02842  1.13107 0.288747 -5.82696
0.260602  1.15421 -1.02842  1.13107 0.288747 0.456229
0.260602  1.15421 -1.02842  1.13107 0.288747  6.73941
 0.260602   1.15421  -1.02842  -2.01052 -0.288747  -2.68536
 0.260602   1.15421  -1.02842  -2.01052 -0.288747   3.59782
0.260602  1.71161 -2.11317  2.54287 0.474824  -1.0254
0.260602  1.71161 -2.11317  2.54287 0.474824  5.25778
 0.260602   1.71161  -2.11317 -0.598724 -0.474824  -4.16699
 0.260602   1.71161  -2.11317 -0.598724 -0.474824   2.11619
nonlinear_ik_status: 1
q_nonlinear_ik:
0.260605  1.15421 -1.02843  1.12951 0.288683 0.457628
global_ik_status: -2
q_global:
0 0 0 0 0 0
nonlinear_ik_resolve_status: 0
q_nonlinear_ik_resolve:
nan nan nan nan nan nan

position:
0.75  0.2  0.5
orientation (quaternion):
1 0 0 0
analytical_ik_status: 0
q_analytical:
0.260602  1.13421 -1.12309  1.52912 0.260834 -6.24006
 0.260602   1.13421  -1.12309   1.52912  0.260834 0.0431298
0.260602  1.13421 -1.12309  1.52912 0.260834  6.32632
 0.260602   1.13421  -1.12309  -1.61247 -0.260834  -3.09846
 0.260602   1.13421  -1.12309  -1.61247 -0.260834   3.18472
0.260602  1.59422  -2.0185  2.56678 0.493745 -1.05242
0.260602  1.59422  -2.0185  2.56678 0.493745  5.23077
 0.260602   1.59422   -2.0185 -0.574811 -0.493745  -4.19401
 0.260602   1.59422   -2.0185 -0.574811 -0.493745   2.08917
nonlinear_ik_status: 1
q_nonlinear_ik:
 0.260605   1.13421   -1.1231   1.52765  0.260828 0.0445342
global_ik_status: -2
q_global:
0 0 0 0 0 0
nonlinear_ik_resolve_status: 0
q_nonlinear_ik_resolve:
nan nan nan nan nan nan

position:
0.75  0.2 0.55
orientation (quaternion):
1 0 0 0
analytical_ik_status: 0
q_analytical:
0.260602  1.16052  -1.3042  2.06356 0.296795 -6.79481
 0.260602   1.16052   -1.3042   2.06356  0.296795 -0.511626
0.260602  1.16052  -1.3042  2.06356 0.296795  5.77156
 0.260602   1.16052   -1.3042  -1.07803 -0.296795  -3.65322
 0.260602   1.16052   -1.3042  -1.07803 -0.296795   2.62997
0.260602  1.43437 -1.83739  2.54447 0.476035  -1.0272
0.260602  1.43437 -1.83739  2.54447 0.476035  5.25598
 0.260602   1.43437  -1.83739 -0.597122 -0.476035  -4.16879
 0.260602   1.43437  -1.83739 -0.597122 -0.476035   2.11439
nonlinear_ik_status: 1
q_nonlinear_ik:
 0.260606   1.16053  -1.30421   2.06219   0.29679 -0.510286
global_ik_status: -2
q_global:
0 0 0 0 0 0
nonlinear_ik_resolve_status: 0
q_nonlinear_ik_resolve:
nan nan nan nan nan nan

position:
0.75 0.25  0.2
orientation (quaternion):
1 0 0 0
analytical_ik_status: 0
q_analytical:
0.321751  1.67768  -1.3741 0.839746 0.438704  -5.5025
0.321751  1.67768  -1.3741 0.839746 0.438704 0.780686
 0.321751   1.67768   -1.3741  -2.30185 -0.438704  -2.36091
 0.321751   1.67768   -1.3741  -2.30185 -0.438704   3.92228
0.321751  1.87971 -1.76749   1.2467 0.340114 -5.94086
0.321751  1.87971 -1.76749   1.2467 0.340114 0.342321
0.321751  1.87971 -1.76749   1.2467 0.340114  6.62551
 0.321751   1.87971  -1.76749  -1.89489 -0.340114  -2.79927
 0.321751   1.87971  -1.76749  -1.89489 -0.340114   3.48391
nonlinear_ik_status: 1
q_nonlinear_ik:
0.321751  1.67769 -1.37411 0.839466 0.438526 0.780642
global_ik_status: -2
q_global:
0 0 0 0 0 0
nonlinear_ik_resolve_status: 0
q_nonlinear_ik_resolve:
nan nan nan nan nan nan

position:
0.75 0.25 0.25
orientation (quaternion):
1 0 0 0
analytical_ik_status: 0
q_analytical:
0.321751  1.52418 -1.20629 0.817539  0.44838 -5.47791
0.321751  1.52418 -1.20629 0.817539  0.44838 0.805271
0.321751  1.52418 -1.20629 -2.32405 -0.44838 -2.33632
0.321751  1.52418 -1.20629 -2.32405 -0.44838  3.94686
0.321751  1.89865  -1.9353  1.68029 0.323759 -6.39863
 0.321751   1.89865   -1.9353   1.68029  0.323759 -0.115442
0.321751  1.89865  -1.9353  1.68029 0.323759  6.16774
 0.321751   1.89865   -1.9353   -1.4613 -0.323759  -3.25703
 0.321751   1.89865   -1.9353   -1.4613 -0.323759   3.02615
nonlinear_ik_status: 1
q_nonlinear_ik:
0.321752  1.52419  -1.2063 0.817331 0.448159 0.805085
global_ik_status: -2
q_global:
0 0 0 0 0 0
nonlinear_ik_resolve_status: 0
q_nonlinear_ik_resolve:
nan nan nan nan nan nan

position:
0.75 0.25  0.3
orientation (quaternion):
1 0 0 0
analytical_ik_status: 0
q_analytical:
0.321751  1.41849  -1.1341 0.871133 0.426117 -5.53707
0.321751  1.41849  -1.1341 0.871133 0.426117 0.746119
 0.321751   1.41849   -1.1341  -2.27046 -0.426117  -2.39547
 0.321751   1.41849   -1.1341  -2.27046 -0.426117   3.88771
0.321751  1.86718 -2.00749  1.96804 0.350036 -6.70323
 0.321751   1.86718  -2.00749   1.96804  0.350036 -0.420048
0.321751  1.86718 -2.00749  1.96804 0.350036  5.86314
 0.321751   1.86718  -2.00749  -1.17355 -0.350036  -3.56164
 0.321751   1.86718  -2.00749  -1.17355 -0.350036   2.72155
nonlinear_ik_status: 1
q_nonlinear_ik:
0.321752   1.4185 -1.13411 0.870657 0.425917 0.746224
global_ik_status: -2
q_global:
0 0 0 0 0 0
nonlinear_ik_resolve_status: 0
q_nonlinear_ik_resolve:
nan nan nan nan nan nan

position:
0.75 0.25 0.35
orientation (quaternion):
1 0 0 0
analytical_ik_status: 0
q_analytical:
0.321751  1.33752 -1.11133  0.97856 0.391026 -5.65409
0.321751  1.33752 -1.11133  0.97856 0.391026 0.629095
0.321751  1.33752 -1.11133  0.97856 0.391026  6.91228
 0.321751   1.33752  -1.11133  -2.16303 -0.391026   -2.5125
 0.321751   1.33752  -1.11133  -2.16303 -0.391026   3.77069
0.321751  1.80963 -2.03027  2.15177 0.387954  -6.9001
 0.321751   1.80963  -2.03027   2.15177  0.387954 -0.616919
0.321751  1.80963 -2.03027  2.15177 0.387954  5.66627
 0.321751   1.80963  -2.03027 -0.989824 -0.387954  -3.75851
 0.321751   1.80963  -2.03027 -0.989824 -0.387954   2.52467
nonlinear_ik_status: 1
q_nonlinear_ik:
0.321752  1.33752 -1.11133 0.977692 0.390905 0.629675
global_ik_status: -2
q_global:
0 0 0 0 0 0
nonlinear_ik_resolve_status: 0
q_nonlinear_ik_resolve:
nan nan nan nan nan nan

position:
0.75 0.25  0.4
orientation (quaternion):
1 0 0 0
analytical_ik_status: 0
q_analytical:
0.321751  1.27817 -1.13066  1.15552  0.35288 -5.84393
0.321751  1.27817 -1.13066  1.15552  0.35288 0.439253
0.321751  1.27817 -1.13066  1.15552  0.35288  6.72244
0.321751  1.27817 -1.13066 -1.98607 -0.35288 -2.70234
0.321751  1.27817 -1.13066 -1.98607 -0.35288  3.58085
 0.321751   1.73039  -2.01093   2.26393  0.423646 -0.738951
0.321751  1.73039 -2.01093  2.26393 0.423646  5.54423
 0.321751   1.73039  -2.01093 -0.877663 -0.423646  -3.88054
 0.321751   1.73039  -2.01093 -0.877663 -0.423646   2.40264
nonlinear_ik_status: 1
q_nonlinear_ik:
0.321753  1.27817 -1.13067  1.15407 0.352783   0.4405
global_ik_status: -2
q_global:
0 0 0 0 0 0
nonlinear_ik_resolve_status: 0
q_nonlinear_ik_resolve:
nan nan nan nan nan nan

position:
0.75 0.25 0.45
orientation (quaternion):
1 0 0 0
analytical_ik_status: 0
q_analytical:
0.321751  1.24422 -1.19817  1.43358 0.324915  -6.1385
0.321751  1.24422 -1.19817  1.43358 0.324915 0.144686
0.321751  1.24422 -1.19817  1.43358 0.324915  6.42787
 0.321751   1.24422  -1.19817  -1.70801 -0.324915  -2.99691
 0.321751   1.24422  -1.19817  -1.70801 -0.324915   3.28628
 0.321751   1.62703  -1.94342   2.32177  0.447354 -0.802739
0.321751  1.62703 -1.94342  2.32177 0.447354  5.48045
 0.321751   1.62703  -1.94342 -0.819822 -0.447354  -3.94433
 0.321751   1.62703  -1.94342 -0.819822 -0.447354   2.33885
nonlinear_ik_status: 1
q_nonlinear_ik:
0.321753  1.24422 -1.19818  1.43247 0.324887 0.145707
global_ik_status: -2
q_global:
0 0 0 0 0 0
nonlinear_ik_resolve_status: 0
q_nonlinear_ik_resolve:
nan nan nan nan nan nan

position:
0.75 0.25  0.5
orientation (quaternion):
1 0 0 0
analytical_ik_status: 0
q_analytical:
0.321751  1.25626 -1.35279  1.85227 0.335437 -6.58033
 0.321751   1.25626  -1.35279   1.85227  0.335437 -0.297148
0.321751  1.25626 -1.35279  1.85227 0.335437  5.98604
 0.321751   1.25626  -1.35279  -1.28933 -0.335437  -3.43874
 0.321751   1.25626  -1.35279  -1.28933 -0.335437   2.84444
 0.321751   1.48018   -1.7888   2.30978  0.442085 -0.789458
0.321751  1.48018  -1.7888  2.30978 0.442085  5.49373
 0.321751   1.48018   -1.7888 -0.831811 -0.442085  -3.93105
 0.321751   1.48018   -1.7888 -0.831811 -0.442085   2.35213
nonlinear_ik_status: 1
q_nonlinear_ik:
 0.321754   1.25627   -1.3528    1.8511  0.335408 -0.296042
global_ik_status: -2
q_global:
0 0 0 0 0 0
nonlinear_ik_resolve_status: 0
q_nonlinear_ik_resolve:
nan nan nan nan nan nan

position:
0.75  0.3  0.3
orientation (quaternion):
1 0 0 0
analytical_ik_status: 0
q_analytical:
0.380506  1.60759 -1.50542  1.32114 0.393338 -6.01383
0.380506  1.60759 -1.50542  1.32114 0.393338 0.269353
0.380506  1.60759 -1.50542  1.32114 0.393338  6.55254
 0.380506   1.60759  -1.50542  -1.82046 -0.393338  -2.87224
 0.380506   1.60759  -1.50542  -1.82046 -0.393338   3.41095
0.380506  1.67473 -1.63617  1.47471 0.382361 -6.17967
0.380506  1.67473 -1.63617  1.47471 0.382361 0.103512
0.380506  1.67473 -1.63617  1.47471 0.382361   6.3867
 0.380506   1.67473  -1.63617  -1.66688 -0.382361  -3.03808
 0.380506   1.67473  -1.63617  -1.66688 -0.382361    3.2451
nonlinear_ik_status: 1
q_nonlinear_ik:
0.380508  1.60762 -1.50547   1.3201  0.39327 0.270245
global_ik_status: -2
q_global:
0 0 0 0 0 0
nonlinear_ik_resolve_status: 0
q_nonlinear_ik_resolve:
nan nan nan nan nan nan

position:
0.75  0.3 0.35
orientation (quaternion):
1 0 0 0
analytical_ik_status: 0
q_analytical:
0.380506  1.49385 -1.41569  1.37801 0.388068 -6.07534
0.380506  1.49385 -1.41569  1.37801 0.388068 0.207844
0.380506  1.49385 -1.41569  1.37801 0.388068  6.49103
 0.380506   1.49385  -1.41569  -1.76358 -0.388068  -2.93375
 0.380506   1.49385  -1.41569  -1.76358 -0.388068   3.34944
0.380506  1.65316  -1.7259  1.75053 0.387064 -6.47693
 0.380506   1.65316   -1.7259   1.75053  0.387064 -0.193747
0.380506  1.65316  -1.7259  1.75053 0.387064  6.08944
 0.380506   1.65316   -1.7259  -1.39106 -0.387064  -3.33534
 0.380506   1.65316   -1.7259  -1.39106 -0.387064   2.94785
nonlinear_ik_status: 1
q_nonlinear_ik:
0.380508  1.49387 -1.41571  1.37701 0.388008 0.208735
global_ik_status: -2
q_global:
0 0 0 0 0 0
nonlinear_ik_resolve_status: 0
q_nonlinear_ik_resolve:
nan nan nan nan nan nan

position:
0.75  0.3  0.4
orientation (quaternion):
1 0 0 0
analytical_ik_status: 0
q_analytical:
0.380506  1.46225 -1.48594  1.62994 0.381207 -6.34689
  0.380506    1.46225   -1.48594    1.62994   0.381207 -0.0637074
0.380506  1.46225 -1.48594  1.62994 0.381207  6.21948
 0.380506   1.46225  -1.48594  -1.51165 -0.381207   -3.2053
 0.380506   1.46225  -1.48594  -1.51165 -0.381207   3.07789
0.380506   1.5494 -1.65565  1.82996 0.394365 -6.56283
 0.380506    1.5494  -1.65565   1.82996  0.394365 -0.279643
0.380506   1.5494 -1.65565  1.82996 0.394365  6.00354
 0.380506    1.5494  -1.65565  -1.31163 -0.394365  -3.42124
 0.380506    1.5494  -1.65565  -1.31163 -0.394365   2.86195
nonlinear_ik_status: 1
q_nonlinear_ik:
  0.380508    1.46227   -1.48597    1.62891    0.38119 -0.0627594
global_ik_status: -2
q_global:
0 0 0 0 0 0
nonlinear_ik_resolve_status: 0
q_nonlinear_ik_resolve:
nan nan nan nan nan nan

position:
 0.8 -0.1  0.3
orientation (quaternion):
1 0 0 0
analytical_ik_status: 0
q_analytical:
-0.124355   1.56689  -1.42589 -0.726944  0.187735  -3.99424
-0.124355   1.56689  -1.42589 -0.726944  0.187735   2.28895
-0.124355   1.56689  -1.42589   2.41465 -0.187735 -0.852646
-0.124355   1.56689  -1.42589   2.41465 -0.187735   5.43054
-0.124355   1.71573  -1.71571  -1.57063  0.124355  -3.14176
-0.124355   1.71573  -1.71571  -1.57063  0.124355   3.14143
-0.124355   1.71573  -1.71571   1.57096 -0.124355  -6.28335
   -0.124355      1.71573     -1.71571      1.57096    -0.124355 -0.000163768
-0.124355   1.71573  -1.71571   1.57096 -0.124355   6.28302
nonlinear_ik_status: 1
q_nonlinear_ik:
-0.124354   1.56689  -1.42588 -0.723999  0.187712   2.28596
global_ik_status: -2
q_global:
0 0 0 0 0 0
nonlinear_ik_resolve_status: 0
q_nonlinear_ik_resolve:
nan nan nan nan nan nan

position:
 0.8 -0.1 0.35
orientation (quaternion):
1 0 0 0
analytical_ik_status: 0
q_analytical:
-0.124355   1.46973  -1.36871 -0.891941   0.16005  -3.82674
-0.124355   1.46973  -1.36871 -0.891941   0.16005   2.45644
-0.124355   1.46973  -1.36871   2.24965  -0.16005  -6.96834
-0.124355   1.46973  -1.36871   2.24965  -0.16005  -0.68515
-0.124355   1.46973  -1.36871   2.24965  -0.16005   5.59804
-0.124355   1.67729  -1.77288  -2.22289  0.156695  -2.48354
-0.124355   1.67729  -1.77288  -2.22289  0.156695   3.79964
-0.124355   1.67729  -1.77288  0.918701 -0.156695  -5.62513
-0.124355   1.67729  -1.77288  0.918701 -0.156695  0.658051
-0.124355   1.67729  -1.77288  0.918701 -0.156695   6.94124
nonlinear_ik_status: 1
q_nonlinear_ik:
-0.124353   1.46973  -1.36871 -0.887608  0.160041    2.4521
global_ik_status: -2
q_global:
0 0 0 0 0 0
nonlinear_ik_resolve_status: 0
q_nonlinear_ik_resolve:
nan nan nan nan nan nan

position:
 0.8 -0.1  0.4
orientation (quaternion):
1 0 0 0
analytical_ik_status: 0
q_analytical:
-0.124355   1.42624  -1.41609  -1.48975  0.124767  -3.22327
-0.124355   1.42624  -1.41609  -1.48975  0.124767   3.05992
-0.124355   1.42624  -1.41609   1.65184 -0.124767  -6.36486
 -0.124355    1.42624   -1.41609    1.65184  -0.124767 -0.0816736
-0.124355   1.42624  -1.41609   1.65184 -0.124767   6.20151
-0.124355   1.58514   -1.7255  -2.41239  0.187254  -2.29124
-0.124355   1.58514   -1.7255  -2.41239  0.187254   3.99194
-0.124355   1.58514   -1.7255    0.7292 -0.187254  -5.43284
-0.124355   1.58514   -1.7255    0.7292 -0.187254  0.850349
nonlinear_ik_status: 1
q_nonlinear_ik:
 -0.124353    1.42624   -1.41608    1.64415  -0.124833 -0.0740124
global_ik_status: -2
q_global:
0 0 0 0 0 0
nonlinear_ik_resolve_status: 0
q_nonlinear_ik_resolve:
nan nan nan nan nan nan

position:
  0.8 -0.05  0.25
orientation (quaternion):
1 0 0 0
analytical_ik_status: 0
q_analytical:
-0.0624188    1.64698   -1.44937  -0.308211   0.207106   -4.41037
-0.0624188    1.64698   -1.44937  -0.308211   0.207106    1.87282
-0.0624188    1.64698   -1.44937    -3.4498  -0.207106   -1.26878
-0.0624188    1.64698   -1.44937    -3.4498  -0.207106    5.01441
-0.0624188    1.64698   -1.44937    2.83338  -0.207106   -1.26878
-0.0624188    1.64698   -1.44937    2.83338  -0.207106    5.01441
-0.0624188    1.77169   -1.69222  -0.666974   0.101008    -4.0479
-0.0624188    1.77169   -1.69222  -0.666974   0.101008    2.23529
-0.0624188    1.77169   -1.69222    2.47462  -0.101008  -0.906304
-0.0624188    1.77169   -1.69222    2.47462  -0.101008    5.37688
nonlinear_ik_status: 1
q_nonlinear_ik:
-0.0624177    1.64697   -1.44937  -0.306194   0.207103    1.87078
global_ik_status: -2
q_global:
0 0 0 0 0 0
nonlinear_ik_resolve_status: 0
q_nonlinear_ik_resolve:
nan nan nan nan nan nan

position:
  0.8 -0.05   0.3
orientation (quaternion):
1 0 0 0
analytical_ik_status: 0
q_analytical:
-0.0624188    1.50449   -1.30352  -0.303432   0.210312   -4.41525
-0.0624188    1.50449   -1.30352  -0.303432   0.210312    1.86793
-0.0624188    1.50449   -1.30352   -3.44502  -0.210312   -1.27366
-0.0624188    1.50449   -1.30352   -3.44502  -0.210312    5.00953
-0.0624188    1.50449   -1.30352    2.83816  -0.210312   -1.27366
-0.0624188    1.50449   -1.30352    2.83816  -0.210312    5.00953
-0.0624188    1.77903   -1.83807   -2.32747  0.0858936   -2.38307
-0.0624188    1.77903   -1.83807   -2.32747  0.0858936    3.90011
-0.0624188    1.77903   -1.83807   0.814119 -0.0858936   -5.52466
-0.0624188    1.77903   -1.83807   0.814119 -0.0858936   0.758521
nonlinear_ik_status: 1
q_nonlinear_ik:
-0.0624173    1.50448   -1.30352   -0.30155   0.210308      1.866
global_ik_status: -2
q_global:
0 0 0 0 0 0
nonlinear_ik_resolve_status: 0
q_nonlinear_ik_resolve:
nan nan nan nan nan nan

position:
  0.8 -0.05  0.35
orientation (quaternion):
1 0 0 0
analytical_ik_status: 0
q_analytical:
-0.0624188    1.41821    -1.2684  -0.396562   0.162208   -4.32051
-0.0624188    1.41821    -1.2684  -0.396562   0.162208    1.96267
-0.0624188    1.41821    -1.2684    2.74503  -0.162208   -1.17892
-0.0624188    1.41821    -1.2684    2.74503  -0.162208    5.10427
-0.0624188    1.72885   -1.87319   -2.73171   0.157178   -1.97616
-0.0624188    1.72885   -1.87319   -2.73171   0.157178    4.30702
-0.0624188    1.72885   -1.87319   0.409883  -0.157178   -5.11776
-0.0624188    1.72885   -1.87319   0.409883  -0.157178    1.16543
nonlinear_ik_status: 1
q_nonlinear_ik:
-0.0624169    1.41821    -1.2684  -0.393155   0.162219    1.95923
global_ik_status: -2
q_global:
0 0 0 0 0 0
nonlinear_ik_resolve_status: 0
q_nonlinear_ik_resolve:
nan nan nan nan nan nan

position:
  0.8 -0.05   0.4
orientation (quaternion):
1 0 0 0
analytical_ik_status: 0
q_analytical:
-0.0624188    1.36519   -1.29804  -0.749917  0.0916486   -3.96457
-0.0624188    1.36519   -1.29804  -0.749917  0.0916486    2.31862
-0.0624188    1.36519   -1.29804    2.39168 -0.0916486  -0.822976
-0.0624188    1.36519   -1.29804    2.39168 -0.0916486    5.46021
-0.0624188    1.64536   -1.84355   -2.83422   0.207663   -1.87196
-0.0624188    1.64536   -1.84355   -2.83422   0.207663    4.41123
-0.0624188    1.64536   -1.84355    3.44896   0.207663   -1.87196
-0.0624188    1.64536   -1.84355    3.44896   0.207663    4.41123
-0.0624188    1.64536   -1.84355   0.307369  -0.207663   -5.01355
-0.0624188    1.64536   -1.84355   0.307369  -0.207663    1.26963
nonlinear_ik_status: 1
q_nonlinear_ik:
-0.0624165    1.36519   -1.29804  -0.738291  0.0916215    2.30703
global_ik_status: -2
q_global:
0 0 0 0 0 0
nonlinear_ik_resolve_status: 0
q_nonlinear_ik_resolve:
nan nan nan nan nan nan

position:
  0.8 -0.05  0.45
orientation (quaternion):
1 0 0 0
analytical_ik_status: 0
q_analytical:
-0.0624188    1.36391   -1.42724   -2.36246  0.0888913   -2.34795
-0.0624188    1.36391   -1.42724   -2.36246  0.0888913    3.93524
-0.0624188    1.36391   -1.42724   0.779131 -0.0888913   -5.48954
-0.0624188    1.36391   -1.42724   0.779131 -0.0888913   0.793643
-0.0624188    1.51135   -1.71436   -2.84099   0.212257   -1.86504
-0.0624188    1.51135   -1.71436   -2.84099   0.212257    4.41814
-0.0624188    1.51135   -1.71436     3.4422   0.212257   -1.86504
-0.0624188    1.51135   -1.71436     3.4422   0.212257    4.41814
-0.0624188    1.51135   -1.71436   0.300606  -0.212257   -5.00664
-0.0624188    1.51135   -1.71436   0.300606  -0.212257    1.27655
nonlinear_ik_status: 1
q_nonlinear_ik:
-0.0624161     1.3639   -1.42723    0.77961  -0.088864   0.792852
global_ik_status: -2
q_global:
0 0 0 0 0 0
nonlinear_ik_resolve_status: 0
q_nonlinear_ik_resolve:
nan nan nan nan nan nan

position:
 0.8 0.05 0.25
orientation (quaternion):
1 0 0 0
analytical_ik_status: 0
q_analytical:
0.0624188   1.64698  -1.44937  0.308211  0.207106  -5.01441
0.0624188   1.64698  -1.44937  0.308211  0.207106   1.26878
0.0624188   1.64698  -1.44937  -2.83338 -0.207106  -1.87282
0.0624188   1.64698  -1.44937  -2.83338 -0.207106   4.41037
0.0624188   1.64698  -1.44937    3.4498 -0.207106  -1.87282
0.0624188   1.64698  -1.44937    3.4498 -0.207106   4.41037
0.0624188   1.77169  -1.69222  0.666974  0.101008  -5.37688
0.0624188   1.77169  -1.69222  0.666974  0.101008  0.906304
0.0624188   1.77169  -1.69222  -2.47462 -0.101008  -2.23529
0.0624188   1.77169  -1.69222  -2.47462 -0.101008    4.0479
nonlinear_ik_status: 1
q_nonlinear_ik:
0.0624199   1.64698  -1.44937  0.309911  0.207084     1.267
global_ik_status: -2
q_global:
0 0 0 0 0 0
nonlinear_ik_resolve_status: 0
q_nonlinear_ik_resolve:
nan nan nan nan nan nan

position:
 0.8 0.05  0.3
orientation (quaternion):
1 0 0 0
analytical_ik_status: 0
q_analytical:
0.0624188   1.50449  -1.30352  0.303432  0.210312  -5.00953
0.0624188   1.50449  -1.30352  0.303432  0.210312   1.27366
0.0624188   1.50449  -1.30352  -2.83816 -0.210312  -1.86793
0.0624188   1.50449  -1.30352  -2.83816 -0.210312   4.41525
0.0624188   1.50449  -1.30352   3.44502 -0.210312  -1.86793
0.0624188   1.50449  -1.30352   3.44502 -0.210312   4.41525
0.0624188   1.77903  -1.83807   2.32747 0.0858936 -0.758521
0.0624188   1.77903  -1.83807   2.32747 0.0858936   5.52466
 0.0624188    1.77903   -1.83807  -0.814119 -0.0858936   -3.90011
 0.0624188    1.77903   -1.83807  -0.814119 -0.0858936    2.38307
nonlinear_ik_status: 1
q_nonlinear_ik:
0.0624203   1.50449  -1.30352  0.305189  0.210289   1.27184
global_ik_status: -2
q_global:
0 0 0 0 0 0
nonlinear_ik_resolve_status: 0
q_nonlinear_ik_resolve:
nan nan nan nan nan nan

position:
 0.8 0.05 0.35
orientation (quaternion):
1 0 0 0
analytical_ik_status: 0
q_analytical:
0.0624188   1.41821   -1.2684  0.396562  0.162208  -5.10427
0.0624188   1.41821   -1.2684  0.396562  0.162208   1.17892
0.0624188   1.41821   -1.2684  -2.74503 -0.162208  -1.96267
0.0624188   1.41821   -1.2684  -2.74503 -0.162208   4.32051
0.0624188   1.72885  -1.87319   2.73171  0.157178  -1.16543
0.0624188   1.72885  -1.87319   2.73171  0.157178   5.11776
0.0624188   1.72885  -1.87319 -0.409883 -0.157178  -4.30702
0.0624188   1.72885  -1.87319 -0.409883 -0.157178   1.97616
nonlinear_ik_status: 1
q_nonlinear_ik:
0.0624207   1.41821   -1.2684  0.398706  0.162191    1.1767
global_ik_status: -2
q_global:
0 0 0 0 0 0
nonlinear_ik_resolve_status: 0
q_nonlinear_ik_resolve:
nan nan nan nan nan nan

position:
 0.8 0.05  0.4
orientation (quaternion):
1 0 0 0
analytical_ik_status: 0
q_analytical:
0.0624188   1.36519  -1.29804  0.749917 0.0916486  -5.46021
0.0624188   1.36519  -1.29804  0.749917 0.0916486  0.822976
 0.0624188    1.36519   -1.29804   -2.39168 -0.0916486   -2.31862
 0.0624188    1.36519   -1.29804   -2.39168 -0.0916486    3.96457
0.0624188   1.64536  -1.84355  -3.44896  0.207663  -1.26963
0.0624188   1.64536  -1.84355  -3.44896  0.207663   5.01355
0.0624188   1.64536  -1.84355   2.83422  0.207663  -1.26963
0.0624188   1.64536  -1.84355   2.83422  0.207663   5.01355
0.0624188   1.64536  -1.84355 -0.307369 -0.207663  -4.41123
0.0624188   1.64536  -1.84355 -0.307369 -0.207663   1.87196
nonlinear_ik_status: 1
q_nonlinear_ik:
0.0624211   1.36519  -1.29804  0.753076    0.0916  0.819493
global_ik_status: -2
q_global:
0 0 0 0 0 0
nonlinear_ik_resolve_status: 0
q_nonlinear_ik_resolve:
nan nan nan nan nan nan

position:
 0.8 0.05 0.45
orientation (quaternion):
1 0 0 0
analytical_ik_status: 0
q_analytical:
0.0624188   1.36391  -1.42724   2.36246 0.0888913 -0.793643
0.0624188   1.36391  -1.42724   2.36246 0.0888913   5.48954
 0.0624188    1.36391   -1.42724  -0.779131 -0.0888913   -3.93524
 0.0624188    1.36391   -1.42724  -0.779131 -0.0888913    2.34795
0.0624188   1.51135  -1.71436   -3.4422  0.212257  -1.27655
0.0624188   1.51135  -1.71436   -3.4422  0.212257   5.00664
0.0624188   1.51135  -1.71436   2.84099  0.212257  -1.27655
0.0624188   1.51135  -1.71436   2.84099  0.212257   5.00664
0.0624188   1.51135  -1.71436 -0.300606 -0.212257  -4.41814
0.0624188   1.51135  -1.71436 -0.300606 -0.212257   1.86504
nonlinear_ik_status: 3
q_nonlinear_ik:
0.0624215   1.36391  -1.42724   2.34924 0.0891134 -0.780473
global_ik_status: -2
q_global:
0 0 0 0 0 0
nonlinear_ik_resolve_status: 0
q_nonlinear_ik_resolve:
nan nan nan nan nan nan

position:
0.8 0.1 0.3
orientation (quaternion):
1 0 0 0
analytical_ik_status: 0
q_analytical:
0.124355  1.56689 -1.42589 0.726944 0.187735 -5.43054
0.124355  1.56689 -1.42589 0.726944 0.187735 0.852646
 0.124355   1.56689  -1.42589  -2.41465 -0.187735  -2.28895
 0.124355   1.56689  -1.42589  -2.41465 -0.187735   3.99424
0.124355  1.71573 -1.71571  1.57063 0.124355 -6.28302
   0.124355     1.71573    -1.71571     1.57063    0.124355 0.000163768
0.124355  1.71573 -1.71571  1.57063 0.124355  6.28335
 0.124355   1.71573  -1.71571  -1.57096 -0.124355  -3.14143
 0.124355   1.71573  -1.71571  -1.57096 -0.124355   3.14176
nonlinear_ik_status: 1
q_nonlinear_ik:
0.124356   1.5669 -1.42589 0.728393 0.187643 0.850844
global_ik_status: -2
q_global:
0 0 0 0 0 0
nonlinear_ik_resolve_status: 0
q_nonlinear_ik_resolve:
nan nan nan nan nan nan

position:
 0.8  0.1 0.35
orientation (quaternion):
1 0 0 0
analytical_ik_status: 0
q_analytical:
0.124355  1.46973 -1.36871 0.891941  0.16005 -5.59804
0.124355  1.46973 -1.36871 0.891941  0.16005  0.68515
0.124355  1.46973 -1.36871 0.891941  0.16005  6.96834
0.124355  1.46973 -1.36871 -2.24965 -0.16005 -2.45644
0.124355  1.46973 -1.36871 -2.24965 -0.16005  3.82674
0.124355  1.67729 -1.77288  2.22289 0.156695 -6.94124
 0.124355   1.67729  -1.77288   2.22289  0.156695 -0.658051
0.124355  1.67729 -1.77288  2.22289 0.156695  5.62513
 0.124355   1.67729  -1.77288 -0.918701 -0.156695  -3.79964
 0.124355   1.67729  -1.77288 -0.918701 -0.156695   2.48354
nonlinear_ik_status: 1
q_nonlinear_ik:
0.124357  1.46973 -1.36872 0.889035 0.159997  0.68779
global_ik_status: -2
q_global:
0 0 0 0 0 0
nonlinear_ik_resolve_status: 0
q_nonlinear_ik_resolve:
nan nan nan nan nan nan

position:
0.8 0.1 0.4
orientation (quaternion):
1 0 0 0
analytical_ik_status: 0
q_analytical:
0.124355  1.42624 -1.41609  1.48975 0.124767 -6.20151
 0.124355   1.42624  -1.41609   1.48975  0.124767 0.0816736
0.124355  1.42624 -1.41609  1.48975 0.124767  6.36486
 0.124355   1.42624  -1.41609  -1.65184 -0.124767  -3.05992
 0.124355   1.42624  -1.41609  -1.65184 -0.124767   3.22327
 0.124355   1.58514   -1.7255   2.41239  0.187254 -0.850349
0.124355  1.58514  -1.7255  2.41239 0.187254  5.43284
 0.124355   1.58514   -1.7255   -0.7292 -0.187254  -3.99194
 0.124355   1.58514   -1.7255   -0.7292 -0.187254   2.29124
nonlinear_ik_status: 1
q_nonlinear_ik:
 0.124357   1.42625   -1.4161   1.48317  0.124795 0.0882854
global_ik_status: -2
q_global:
0 0 0 0 0 0
nonlinear_ik_resolve_status: 0
q_nonlinear_ik_resolve:
nan nan nan nan nan nan
