
position:
   0 -0.5 -0.1
orientation (quaternion):
1 0 0 0
analytical_ik_status: 0
q_analytical:
  -1.5708    1.7958 -0.434622   -1.5708    1.5708  -4.50277
  -1.5708    1.7958 -0.434622   -1.5708    1.5708   1.78042
  -1.5708    1.7958 -0.434622    1.5708   -1.5708  -1.36117
  -1.5708    1.7958 -0.434622    1.5708   -1.5708   4.92201
nonlinear_ik_status: 1
q_nonlinear_ik:
  -1.5708   1.79579 -0.434615  -1.57051   1.57053    1.7801
global_ik_status: 0
q_global:
  -1.5708   1.85756 -0.564333   1.57076  -1.57098  -1.29481

position:
   0 -0.5  0.4
orientation (quaternion):
1 0 0 0
analytical_ik_status: 0
q_analytical:
 -1.5708 0.475301 0.322814  -1.5708   1.5708 -3.93971
 -1.5708 0.475301 0.322814  -1.5708   1.5708  2.34348
  -1.5708  0.475301  0.322814    1.5708   -1.5708 -0.798115
 -1.5708 0.475301 0.322814   1.5708  -1.5708  5.48507
   1.5708 -0.777047  -2.94589    1.5708    1.5708  -3.72293
   1.5708 -0.777047  -2.94589    1.5708    1.5708   2.56025
   1.5708 -0.777047  -2.94589   -1.5708   -1.5708  -6.86453
   1.5708 -0.777047  -2.94589   -1.5708   -1.5708 -0.581341
   1.5708 -0.777047  -2.94589   -1.5708   -1.5708   5.70184
nonlinear_ik_status: 1
q_nonlinear_ik:
 -1.5708  0.47529 0.322819 -1.57054  1.57056  2.34311
global_ik_status: 0
q_global:
 -1.5708 0.488745 0.309304 -1.57101   1.5708  2.34815

position:
   0 -0.5  0.9
orientation (quaternion):
1 0 0 0
analytical_ik_status: 0
q_analytical:
  -1.5708  0.311177 -0.881894   -1.5708    1.5708  -2.57088
  -1.5708  0.311177 -0.881894   -1.5708    1.5708   3.71231
  -1.5708  0.311177 -0.881894    1.5708   -1.5708  -5.71247
  -1.5708  0.311177 -0.881894    1.5708   -1.5708  0.570717
  -1.5708  0.311177 -0.881894    1.5708   -1.5708    6.8539
 -1.5708  1.01947  -2.2597  -1.5708   1.5708 -1.90137
-1.5708 1.01947 -2.2597 -1.5708  1.5708 4.38182
 -1.5708  1.01947  -2.2597   1.5708  -1.5708 -5.04296
-1.5708 1.01947 -2.2597  1.5708 -1.5708 1.24023
nonlinear_ik_status: 1
q_nonlinear_ik:
  -1.5708  0.311167 -0.881889   1.57054  -1.57052  0.570612
global_ik_status: 0
q_global:
 -1.5708 0.395859 -1.04482  1.57085 -1.57108 0.650385

position:
   0    0 -0.1
orientation (quaternion):
1 0 0 0
analytical_ik_status: -2
q_analytical:
nonlinear_ik_status: 13
q_nonlinear_ik:
-6.39187e-06      1.91986      0.26581   5.4302e-06       2.0944      1.57076
global_ik_status: -2
q_global:
0 0 0 0 0 0

position:
  0   0 0.4
orientation (quaternion):
1 0 0 0
analytical_ik_status: -2
q_analytical:
nonlinear_ik_status: 13
q_nonlinear_ik:
5.75774e-06   0.0846682    0.872665  0.00136144    0.956388     1.56854
global_ik_status: 0
q_global:
  2.81804  0.770517   1.81742 -0.448632    -0.647  -1.23162

position:
  0   0 0.9
orientation (quaternion):
1 0 0 0
analytical_ik_status: 0
q_analytical:
    -3.14159     0.625297     -3.02729 -1.81701e-16     0.739595      -1.5708
    -3.14159     0.625297     -3.02729 -1.81701e-16     0.739595      4.71239
 -3.14159  0.625297  -3.02729  -3.14159 -0.739595  -4.71239
 -3.14159  0.625297  -3.02729  -3.14159 -0.739595    1.5708
 -3.14159  0.625297  -3.02729   3.14159 -0.739595  -4.71239
 -3.14159  0.625297  -3.02729   3.14159 -0.739595    1.5708
        0 -0.879395 -0.114298  -3.14159  0.993694   -1.5708
        0 -0.879395 -0.114298  -3.14159  0.993694   4.71239
        0 -0.879395 -0.114298   3.14159  0.993694   -1.5708
        0 -0.879395 -0.114298   3.14159  0.993694   4.71239
        0 -0.879395 -0.114298         0 -0.993694  -4.71239
        0 -0.879395 -0.114298         0 -0.993694    1.5708
    3.14159    0.625297    -3.02729 1.81701e-16    0.739595     -1.5708
    3.14159    0.625297    -3.02729 1.81701e-16    0.739595     4.71239
  3.14159  0.625297  -3.02729  -3.14159 -0.739595  -4.71239
  3.14159  0.625297  -3.02729  -3.14159 -0.739595    1.5708
  3.14159  0.625297  -3.02729   3.14159 -0.739595  -4.71239
  3.14159  0.625297  -3.02729   3.14159 -0.739595    1.5708
nonlinear_ik_status: 13
q_nonlinear_ik:
 -0.27994 -0.879395 -0.114298  0.331003  -1.01773     1.391
global_ik_status: 0
q_global:
  -3.10704   0.612294   -2.98615 -0.0180302   0.764897   -1.51802

position:
   0  0.5 -0.1
orientation (quaternion):
1 0 0 0
analytical_ik_status: 0
q_analytical:
   1.5708    1.7958 -0.434622    1.5708    1.5708  -4.92201
   1.5708    1.7958 -0.434622    1.5708    1.5708   1.36117
   1.5708    1.7958 -0.434622   -1.5708   -1.5708  -1.78042
   1.5708    1.7958 -0.434622   -1.5708   -1.5708   4.50277
nonlinear_ik_status: 1
q_nonlinear_ik:
   1.5708    1.7958 -0.434629    1.5705   1.57048   1.36092
global_ik_status: 0
q_global:
  1.61144   1.84842 -0.554236   1.61772    1.5708   1.29677

position:
  0 0.5 0.4
orientation (quaternion):
1 0 0 0
analytical_ik_status: 0
q_analytical:
  -1.5708 -0.777047  -2.94589   -1.5708    1.5708  -5.70184
  -1.5708 -0.777047  -2.94589   -1.5708    1.5708  0.581341
  -1.5708 -0.777047  -2.94589   -1.5708    1.5708   6.86453
  -1.5708 -0.777047  -2.94589    1.5708   -1.5708  -2.56025
  -1.5708 -0.777047  -2.94589    1.5708   -1.5708   3.72293
  1.5708 0.475301 0.322814   1.5708   1.5708 -5.48507
  1.5708 0.475301 0.322814   1.5708   1.5708 0.798115
  1.5708 0.475301 0.322814  -1.5708  -1.5708 -2.34348
  1.5708 0.475301 0.322814  -1.5708  -1.5708  3.93971
nonlinear_ik_status: 1
q_nonlinear_ik:
  1.5708 0.475311 0.322809  1.57055  1.57056 0.797978
global_ik_status: 0
q_global:
  1.5708 0.492169 0.302181 -1.57083 -1.57079 -2.35275

position:
  0 0.5 0.9
orientation (quaternion):
1 0 0 0
analytical_ik_status: 0
q_analytical:
   1.5708  0.311177 -0.881894    1.5708    1.5708   -6.8539
   1.5708  0.311177 -0.881894    1.5708    1.5708 -0.570717
   1.5708  0.311177 -0.881894    1.5708    1.5708   5.71247
   1.5708  0.311177 -0.881894   -1.5708   -1.5708  -3.71231
   1.5708  0.311177 -0.881894   -1.5708   -1.5708   2.57088
  1.5708  1.01947  -2.2597   1.5708   1.5708 -1.24023
 1.5708 1.01947 -2.2597  1.5708  1.5708 5.04296
  1.5708  1.01947  -2.2597  -1.5708  -1.5708 -4.38182
 1.5708 1.01947 -2.2597 -1.5708 -1.5708 1.90137
nonlinear_ik_status: 1
q_nonlinear_ik:
   1.5708  0.311188 -0.881899   1.57042   1.57042 -0.570561
global_ik_status: 0
q_global:
   1.5708  0.388913  -1.03487    1.5708    1.5708 -0.647692

position:
 0.5 -0.5 -0.1
orientation (quaternion):
1 0 0 0
analytical_ik_status: -2
q_analytical:
nonlinear_ik_status: 13
q_nonlinear_ik:
-0.785399   1.91986  -1.25397  -1.01627  0.980798   2.30218
global_ik_status: -2
q_global:
0 0 0 0 0 0

position:
 0.5 -0.5  0.4
orientation (quaternion):
1 0 0 0
analytical_ik_status: 0
q_analytical:
-0.785398  0.950749 -0.512698  -1.16962  0.875853  -3.72665
-0.785398  0.950749 -0.512698  -1.16962  0.875853   2.55654
-0.785398  0.950749 -0.512698   1.97197 -0.875853  -6.86824
-0.785398  0.950749 -0.512698   1.97197 -0.875853 -0.585057
-0.785398  0.950749 -0.512698   1.97197 -0.875853   5.69813
nonlinear_ik_status: 1
q_nonlinear_ik:
-0.785396  0.950741 -0.512692   1.97149 -0.875749 -0.584698
global_ik_status: 0
q_global:
-0.786282   1.03572 -0.677966  -1.26971  0.853484   2.69023

position:
 0.5 -0.5  0.9
orientation (quaternion):
1 0 0 0
analytical_ik_status: -2
q_analytical:
nonlinear_ik_status: 32
q_nonlinear_ik:
-0.774834  0.951555  -1.57268    1.2266 -0.936947  0.696095
global_ik_status: -2
q_global:
0 0 0 0 0 0

position:
 0.5    0 -0.1
orientation (quaternion):
1 0 0 0
analytical_ik_status: -2
q_analytical:
nonlinear_ik_status: 1
q_nonlinear_ik:
-2.65093e-06       1.7958    -0.434622  5.79091e-05      1.36089      1.57044
global_ik_status: 0
q_global:
0.0392065   1.84926 -0.563337 0.0751546   1.30892   1.52577

position:
0.5   0 0.4
orientation (quaternion):
1 0 0 0
analytical_ik_status: 0
q_analytical:
 -3.14159 -0.777047  -2.94589  -3.14159  0.581341  -4.71239
 -3.14159 -0.777047  -2.94589  -3.14159  0.581341    1.5708
 -3.14159 -0.777047  -2.94589   3.14159  0.581341  -4.71239
 -3.14159 -0.777047  -2.94589   3.14159  0.581341    1.5708
  -3.14159  -0.777047   -2.94589 2.2301e-16  -0.581341    -1.5708
  -3.14159  -0.777047   -2.94589 2.2301e-16  -0.581341    4.71239
       0 0.475301 0.322814        0 0.798115 -4.71239
       0 0.475301 0.322814        0 0.798115   1.5708
        0  0.475301  0.322814  -3.14159 -0.798115   -1.5708
        0  0.475301  0.322814  -3.14159 -0.798115   4.71239
        0  0.475301  0.322814   3.14159 -0.798115   -1.5708
        0  0.475301  0.322814   3.14159 -0.798115   4.71239
  3.14159 -0.777047  -2.94589  -3.14159  0.581341  -4.71239
  3.14159 -0.777047  -2.94589  -3.14159  0.581341    1.5708
  3.14159 -0.777047  -2.94589   3.14159  0.581341  -4.71239
  3.14159 -0.777047  -2.94589   3.14159  0.581341    1.5708
    3.14159   -0.777047    -2.94589 -2.2301e-16   -0.581341     -1.5708
    3.14159   -0.777047    -2.94589 -2.2301e-16   -0.581341     4.71239
nonlinear_ik_status: 1
q_nonlinear_ik:
3.67587e-06    0.475301    0.322814 0.000418365    0.797944     1.57019
global_ik_status: 0
q_global:
2.31266e-05    0.501599    0.303731    0.053861    0.802914     1.51179

position:
0.5   0 0.9
orientation (quaternion):
1 0 0 0
analytical_ik_status: 0
q_analytical:
        0  0.311177 -0.881894  -3.14159  0.570717   -1.5708
        0  0.311177 -0.881894  -3.14159  0.570717   4.71239
        0  0.311177 -0.881894   3.14159  0.570717   -1.5708
        0  0.311177 -0.881894   3.14159  0.570717   4.71239
        0  0.311177 -0.881894         0 -0.570717  -4.71239
        0  0.311177 -0.881894         0 -0.570717    1.5708
       0  1.01947  -2.2597 -3.14159  1.24023  -1.5708
       0  1.01947  -2.2597 -3.14159  1.24023  4.71239
      0 1.01947 -2.2597 3.14159 1.24023 -1.5708
      0 1.01947 -2.2597 3.14159 1.24023 4.71239
       0  1.01947  -2.2597        0 -1.24023 -4.71239
       0  1.01947  -2.2597        0 -1.24023   1.5708
nonlinear_ik_status: 1
q_nonlinear_ik:
1.00027e-05    0.311177   -0.881894 0.000573183   -0.570629      1.5701
global_ik_status: 0
q_global:
2.55698e-05    0.945612    -2.11898   0.0314063    -1.18659     1.53635

position:
 0.5  0.5 -0.1
orientation (quaternion):
1 0 0 0
analytical_ik_status: -2
q_analytical:
nonlinear_ik_status: 13
q_nonlinear_ik:
0.785397  1.91986 -1.25396  1.01595 0.979299 0.837218
global_ik_status: -2
q_global:
0 0 0 0 0 0

position:
0.5 0.5 0.4
orientation (quaternion):
1 0 0 0
analytical_ik_status: 0
q_analytical:
 0.785398  0.950749 -0.512698   1.16962  0.875853  -5.69813
 0.785398  0.950749 -0.512698   1.16962  0.875853  0.585057
 0.785398  0.950749 -0.512698   1.16962  0.875853   6.86824
 0.785398  0.950749 -0.512698  -1.97197 -0.875853  -2.55654
 0.785398  0.950749 -0.512698  -1.97197 -0.875853   3.72665
nonlinear_ik_status: 1
q_nonlinear_ik:
   0.7854  0.950757 -0.512704   1.16922  0.875614  0.585138
global_ik_status: 0
q_global:
 0.798351   1.02741 -0.664714  -1.98401 -0.845972  -2.52744

position:
0.5 0.5 0.9
orientation (quaternion):
1 0 0 0
analytical_ik_status: -2
q_analytical:
nonlinear_ik_status: 13
q_nonlinear_ik:
 0.785458  0.955275  -1.57066    2.0941  0.955149 -0.785112
global_ik_status: -2
q_global:
0 0 0 0 0 0

position:
   1 -0.5 -0.1
orientation (quaternion):
1 0 0 0
analytical_ik_status: -2
q_analytical:
nonlinear_ik_status: 13
q_nonlinear_ik:
-0.771477   1.91986  -1.29804   2.10993   -0.9486 -0.798782
global_ik_status: -2
q_global:
0 0 0 0 0 0

position:
   1 -0.5  0.4
orientation (quaternion):
1 0 0 0
analytical_ik_status: -2
q_analytical:
nonlinear_ik_status: 13
q_nonlinear_ik:
-0.666796   1.50588   -1.5708   1.48781 -0.669313  0.105251
global_ik_status: -2
q_global:
0 0 0 0 0 0

position:
   1 -0.5  0.9
orientation (quaternion):
1 0 0 0
analytical_ik_status: -2
q_analytical:
nonlinear_ik_status: 13
q_nonlinear_ik:
-0.785394  0.955314   -1.5708   1.04567 -0.953936   0.78475
global_ik_status: -2
q_global:
0 0 0 0 0 0

position:
   1    0 -0.1
orientation (quaternion):
1 0 0 0
analytical_ik_status: -2
q_analytical:
nonlinear_ik_status: 13
q_nonlinear_ik:
-1.39572e-06      1.91986     -1.13441   0.00213836     0.784842      1.56781
global_ik_status: -2
q_global:
0 0 0 0 0 0

position:
  1   0 0.4
orientation (quaternion):
1 0 0 0
analytical_ik_status: -2
q_analytical:
nonlinear_ik_status: 13
q_nonlinear_ik:
2.27343e-06     1.50585    -1.57073  0.00275264  -0.0648825     1.56803
global_ik_status: -2
q_global:
0 0 0 0 0 0

position:
  1   0 0.9
orientation (quaternion):
1 0 0 0
analytical_ik_status: -2
q_analytical:
nonlinear_ik_status: 13
q_nonlinear_ik:
8.16639e-06    0.785376    -1.57075 0.000271917   -0.785007     1.57013
global_ik_status: -2
q_global:
0 0 0 0 0 0

position:
   1  0.5 -0.1
orientation (quaternion):
1 0 0 0
analytical_ik_status: -2
q_analytical:
nonlinear_ik_status: 13
q_nonlinear_ik:
0.771514  1.91986 -1.29791  1.03058  0.94777 0.799415
global_ik_status: -2
q_global:
0 0 0 0 0 0

position:
  1 0.5 0.4
orientation (quaternion):
1 0 0 0
analytical_ik_status: -2
q_analytical:
nonlinear_ik_status: 13
q_nonlinear_ik:
 0.666802   1.50584  -1.57071   1.65258  0.669407 -0.104349
global_ik_status: -2
q_global:
0 0 0 0 0 0

position:
  1 0.5 0.9
orientation (quaternion):
1 0 0 0
analytical_ik_status: -2
q_analytical:
nonlinear_ik_status: 13
q_nonlinear_ik:
0.785392 0.955233 -1.57069  2.09384 0.955307 -0.78495
global_ik_status: -2
q_global:
0 0 0 0 0 0
