13
0.0000000000 12 1, 
12.4493694942 12 2, 
0.0000000000 11 1, 
0.3792355288 11 1, 12 1, 
0.3982693343 11 2, 
0.0000000000 10 1, 
-0.0991743262 10 1, 12 1, 
-0.0847552635 10 1, 11 1, 
0.0225779588 10 2, 
0.0000000000 9 1, 
-0.3939504316 9 1, 12 1, 
0.0212777825 9 1, 11 1, 
-0.0249869940 9 1, 10 1, 
0.4768158100 9 2, 
0.0000000000 8 1, 
-0.1475865218 8 1, 12 1, 
0.0844424942 8 1, 11 1, 
-0.0549029925 8 1, 10 1, 
-0.5347339910 8 1, 9 1, 
0.6876440675 8 2, 
0.0000000000 7 1, 
0.8519496997 7 1, 12 1, 
0.7668661718 7 1, 11 1, 
-0.0920425777 7 1, 10 1, 
0.0801043460 7 1, 9 1, 
0.1009333647 7 1, 8 1, 
1.2538320748 7 2, 
0.0000000000 6 1, 
0.3422612210 6 1, 12 1, 
-0.0685645863 6 1, 11 1, 
0.0161127583 6 1, 10 1, 
0.5676958054 6 1, 9 1, 
-0.4320506073 6 1, 8 1, 
-0.1982644757 6 1, 7 1, 
2.2623721777 6 2, 
0.0000000000 5 1, 
-0.2605774770 5 1, 12 1, 
-0.0733801861 5 1, 11 1, 
-0.0312468237 5 1, 10 1, 
-0.0793047330 5 1, 9 1, 
0.5944277940 5 1, 8 1, 
-0.2863229642 5 1, 7 1, 
-1.1544263496 5 1, 6 1, 
1.0521280436 5 2, 
0.0000000000 4 1, 
-0.1722570100 4 1, 12 1, 
0.1929675965 4 1, 11 1, 
-0.0324416538 4 1, 10 1, 
0.1023056476 4 1, 9 1, 
0.1996392859 4 1, 8 1, 
0.7606321902 4 1, 7 1, 
0.9202063767 4 1, 6 1, 
0.2852937781 4 1, 5 1, 
1.1100942421 4 2, 
0.0000000000 3 1, 
13.0456018163 3 1, 12 1, 
0.2517210411 3 1, 11 1, 
-0.0610476231 3 1, 10 1, 
-0.5268904412 3 1, 9 1, 
-0.0301743868 3 1, 8 1, 
0.8434605458 3 1, 7 1, 
-0.5275247817 3 1, 6 1, 
-0.2732102019 3 1, 5 1, 
0.6148774421 3 1, 4 1, 
31.8774356111 3 2, 
0.0000000000 2 1, 
-2.5293815369 2 1, 12 1, 
1.9524919412 2 1, 11 1, 
-0.1430969230 2 1, 10 1, 
0.0026839312 2 1, 9 1, 
-0.4526145102 2 1, 8 1, 
4.6290968060 2 1, 7 1, 
0.6710971025 2 1, 6 1, 
0.4139680587 2 1, 5 1, 
4.2544590390 2 1, 4 1, 
-1.5636532313 2 1, 3 1, 
40.9848240900 2 2, 
0.0000000000 1 1, 
-0.6480880518 1 1, 12 1, 
-0.1709696004 1 1, 11 1, 
0.3984473483 1 1, 10 1, 
-0.5024624624 1 1, 9 1, 
-2.2086771102 1 1, 8 1, 
-0.7083286603 1 1, 7 1, 
-1.9176956902 1 1, 6 1, 
-2.2662437723 1 1, 5 1, 
-1.5607094138 1 1, 4 1, 
-0.8799568777 1 1, 3 1, 
-3.3516917819 1 1, 2 1, 
18.5476670120 1 2, 
-0.0428233054 0 1, 
-2.1431437425 0 1, 12 1, 
0.2023648754 0 1, 11 1, 
0.5639920186 0 1, 10 1, 
-0.8606905711 0 1, 9 1, 
-4.3775277134 0 1, 8 1, 
0.8409259270 0 1, 7 1, 
-1.5281636281 0 1, 6 1, 
-4.4472783768 0 1, 5 1, 
4.0061434479 0 1, 4 1, 
-0.0803525029 0 1, 3 1, 
6.2234639217 0 1, 2 1, 
63.2080972843 0 1, 1 1, 
72.0292800321 0 2, 
