0.605585 -0.650489 -0.430999 
0.714823 -0.569125 0.421173 
0.552505 -0.744205 -0.271652 
0.606471 -0.650899 -0.427648 
0.677482 -0.51264 0.519549 
0.556869 -0.735637 -0.28185 
0.58 -0.717632 -0.386803 
0.58 -0.672978 -0.369525 
0.559774 -0.716939 -0.356148 
0.636954 -0.657083 -0.388266 
0.662321 -0.532132 0.52 
0.914622 -0.0391407 0.36803 
0.890233 -0.081737 0.387302 
0.65536 -0.671485 -0.362368 
0.954976 -0.198306 0.112993 
0.657689 0.248921 -0.727957 
0.983489 0.0154529 0.0701868 
0.659294 -0.673764 -0.347964 
0.970091 0.0376045 0.0611577 
1 -0.03 0.000727483 
0.973821 0.0185706 0.0630846 
0.66444 -0.644374 -0.39209 
0.779708 -0.486289 0.330166 
1 -0.0253 0.0245966 
0.941887 0.1825 -0.0244843 
0.971554 -0.0753481 0.052992 
0.794161 -0.455 0.42154 
0.815441 -0.463707 0.362642 
0.90295 -0.421679 0.104714 
0.743996 -0.580957 0.364832 
0.748364 -0.455 0.475116 
0.493413 -0.696097 -0.4534 
0.983729 -0.202841 -0.0286013 
0.602828 -0.639928 -0.418624 
1 -0.03 0.0239731 
0.977285 -0.245082 -0.0239529 
1 -0.03 0.0803213 
0.983806 -0.201495 0.0148777 
0.956114 0.162083 -0.0200893 
0.976421 -0.0840167 0.0014674 
0.976667 -0.227855 0.0025 
0.928671 -0.371321 0.0743814 
0.44 -0.299833 -0.813079 
0.58 -0.267536 -0.78113 
0.946897 -0.174659 0.0623175 
0.98 -0.189232 -0.00261775 
0.937128 -0.00404339 0.28427 
0.72 -0.629761 0.31525 
0.870709 -0.465092 0.210558 
0.924144 -0.271425 0.221738 
0.65712 -0.580798 0.490922 
0.58 -0.634565 0.442958 
0.912553 -0.350296 0.247583 
0.914411 -0.370782 0.175 
0.686447 -0.681548 0.257685 
0.72 -0.595947 0.3875 
0.985634 -0.200661 0.0244296 
0.541533 -0.623848 0.52 
0.925407 -0.271571 0.221446 
0.921567 -0.364871 0.188953 
0.924615 -0.352997 0.159267 
0.898173 -0.0991403 0.353906 
0.93 -0.213589 0.325529 
0.72 -0.637025 0.299727 
0.71775 -0.659421 0.251966 
0.950121 -0.212669 0.236458 
0.967368 -0.224817 0.113088 
0.566781 -0.66992 0.394447 
0.941667 -0.290377 0.167572 
0.937692 -0.284412 0.208554 
0.934338 -0.217515 0.10728 
0.992239 -0.03 0.0441422 
0.939393 -0.301855 0.176512 
0.941318 -0.295176 0.175 
0.936693 -0.181182 0.201434 
0.953923 -0.142596 0.0889625 
0.890601 -0.455 0.0219858 
0.86 -0.472843 -0.0391986 
0.909929 -0.313984 -0.17 
0.936218 -0.354329 -0.0764736 
0.9658 -0.0976296 0.032371 
0.881667 -0.455 -0.0882066 
0.903824 -0.336324 -0.0659916 
0.544668 -0.621452 0.52 
0.9625 -0.111926 0.266414 
0.963457 -0.16389 0.229299 
0.945492 -0.0482178 0.290848 
0.935229 -0.102251 0.254835 
0.901186 -0.347271 -0.146361 
0.86 -0.473289 -0.068901 
0.889018 -0.455 -0.0656353 
0.929001 -0.212137 0.3475 
0.91513 -0.261229 0.330916 
0.86 -0.243857 0.355078 
0.909207 -0.262416 0.210435 
0.920842 -0.268744 0.158753 
0.994024 -0.128954 0.0502288 
0.93 -0.37891 -0.0641675 
0.894927 -0.371517 -0.17 
0.893677 -0.37631 -0.17 
0.977161 -0.0594672 0.0577595 
0.978895 -0.194294 0.00938431 
0.947486 -0.189998 0.175 
0.965901 -0.127193 0.254883 
0.893055 -0.117334 0.354907 
0.893318 -0.115069 0.355784 
0.906986 -0.0471413 0.366608 
0.86 -0.228966 -0.365769 
0.919434 -0.107324 -0.344291 
0.94267 -0.03 0.283071 
0.86 -0.444925 -0.235814 
0.887844 -0.42444 -0.219593 
0.86 -0.47258 0.0311985 
0.893903 -0.455 -0.0426059 
0.86 -0.199288 0.38618 
0.959885 -0.206939 0.11943 
0.890365 -0.309111 0.228278 
0.932097 -0.337602 0.167995 
0.889253 -0.455 -0.0409989 
0.882771 -0.432586 -0.00427398 
0.941466 -0.0907519 0.319245 
0.885075 -0.40723 0.0307951 
0.918578 -0.306326 -0.106287 
0.86 -0.473203 -0.135257 
0.86 -0.473966 -0.168663 
0.885379 -0.408135 -0.17 
0.926752 -0.272563 0.220875 
0.876452 -0.113529 -0.402829 
0.86 -0.455 -0.212173 
0.873159 -0.455 -0.17 
0.86 -0.138619 -0.446185 
0.875557 -0.443867 0.0175208 
0.906931 -0.149263 -0.310591 
0.86 -0.215709 -0.375155 
0.86459 -0.134292 -0.44527 
0.924629 -0.200024 -0.210771 
0.86 -0.250358 -0.35728 
0.864833 -0.134069 -0.445223 
0.942018 -0.03 -0.357966 
0.942018 -0.03 -0.357966 
0.920114 -0.355815 -0.17 
0.896481 -0.455 -0.0930118 
0.905728 -0.139316 -0.305076 
0.930777 -0.234041 -0.139655 
0.938696 -0.202859 -0.0923794 
0.899187 -0.132138 -0.327919 
0.86 -0.223996 -0.369287 
0.940823 -0.03 -0.362685 
0.940823 -0.03 -0.362685 
0.784505 -0.507097 -0.381211 
0.489674 -0.698683 -0.453928 
0.861794 -0.144701 -0.420559 
0.924366 -0.34173 -0.17292 
0.910551 -0.311059 -0.117872 
0.956775 -0.13369 -0.108367 
0.86 -0.208164 -0.380497 
0.86518 -0.186075 -0.382072 
0.86 -0.197372 -0.388138 
0.72 -0.55116 -0.41306 
0.495145 -0.65264 -0.525221 
0.893145 -0.168075 -0.318881 
0.923084 -0.177985 -0.230571 
0.951358 -0.154776 -0.138296 
0.597924 -0.618298 -0.442076 
0.938433 -0.203451 -0.0519559 
0.953881 -0.0454047 -0.240818 
0.86 -0.193652 -0.390772 
0.86 -0.200298 -0.386066 
0.861741 -0.161264 -0.408975 
0.943594 -0.184058 -0.0904338 
0.72 -0.557962 0.424867 
0.666078 -0.516939 0.511457 
0.981196 0.110153 0.175 
0.954718 -0.13923 0.182637 
0.96372 -0.107691 -0.17 
1 0.0453484 -0.121281 
0.934531 -0.00884903 0.293745 
0.673688 -0.58276 -0.423721 
0.64861 -0.548872 0.480327 
0.600335 -0.623807 -0.462307 
0.495806 -0.671944 -0.496909 
0.48403 -0.625048 -0.560255 
0.687411 -0.548306 0.473156 
0.44 -0.300645 -0.834155 
0.971313 0.0345417 -0.17 
0.58 0.238389 -0.785309 
0.933788 -0.03 0.30684 
0.964185 0.0587545 0.274932 
0.932133 0.232025 -0.0111364 
0.952542 0.163932 -0.029781 
0.638033 0.11023 -0.732358 
1 -0.03 0.00564611 
1 -0.03 -0.0806373 
0.994884 -0.0270498 0.175 
1 -0.03 -0.00734813 
0.95011 0.140192 0.00501569 
0.641689 -0.607457 -0.409894 
0.624673 -0.642363 -0.426561 
0.58 -0.03 -0.820966 
0.595556 0.0635721 -0.810234 
0.966334 0.0467779 0.267458 
0.981072 0.111318 0.175 
0.958089 0.0715642 0.19957 
1 -0.0117835 -0.0228214 
0.511059 0.291151 -0.783071 
0.58 -0.03 -0.815096 
0.896998 -0.263651 0.302605 
0.958575 0.0947249 0.175 
0.99558 0.0872532 0.058417 
0.72 0.535836 -0.443517 
0.985995 0.124093 0.113766 
0.815679 -0.455 0.370819 
0.86 -0.104156 0.452567 
0.872207 -0.347212 0.345778 
0.829655 -0.333855 0.374543 
0.916028 -0.259832 0.330202 
0.832 -0.310959 0.403425 
0.992479 0.079097 0.0971078 
0.86 -0.123919 0.438776 
0.890695 -0.0899778 0.382477 
1 -0.03 0.0329515 
0.956282 0.052856 0.298422 
0.712919 0.540388 -0.445206 
0.710144 0.480803 -0.515 
0.906926 -0.277669 0.302993 
0.86 -0.284186 0.326935 
0.783917 -0.497001 -0.374869 
0.934985 0.0477203 0.262821 
0.955953 0.109372 0.0813631 
0.850924 -0.431559 -0.324434 
0.91345 -0.323049 0.272819 
0.86 -0.274046 0.347863 
0.86 -0.234595 0.44 
0.86 -0.235371 0.445295 
0.951219 0.13414 0.034406 
0.927781 0.109658 0.249571 
0.950982 0.13434 0.107666 
0.86 -0.219349 0.372181 
0.944 -0.172587 0.315419 
0.906096 -0.03 0.385925 
0.834478 -0.26987 0.394946 
0.86 -0.265785 0.339776 
0.914998 -0.320524 0.271706 
0.92448 -0.147178 0.342053 
0.593652 0.280346 -0.708783 
0.616873 0.749501 -0.165686 
0.58 0.788565 -0.0713576 
0.810093 -0.494259 -0.244332 
0.675908 0.737484 -0.0815343 
0.58 0.788733 -0.112127 
0.672773 0.635569 -0.403604 
0.58 0.653913 -0.419168 
0.58 0.726178 -0.37125 
0.548079 0.759903 -0.375697 
0.58 0.319886 -0.711194 
0.675267 0.597813 -0.449087 
0.560255 0.643853 -0.456802 
0.514807 0.715579 -0.397253 
0.606997 0.678585 -0.432726 
0.665087 0.468969 -0.597995 
0.58 0.444244 -0.647741 
0.447179 0.540671 -0.661063 
0.610262 0.494291 -0.627497 
0.912178 -0.324027 0.274837 
0.86 -0.267607 0.367881 
0.58 0.659343 -0.399924 
0.958682 0.0418433 0.272657 
0.937113 0.0804907 0.286558 
0.58 0.788595 -0.0784904 
0.595181 0.772415 -0.093963 
0.661687 0.745506 -0.145344 
0.947418 -0.170863 0.289295 
0.943576 -0.211998 0.272348 
0.667389 0.612327 -0.446125 
0.58 0.656037 -0.405789 
0.689332 0.65 -0.308609 
0.844476 -0.240568 0.392666 
0.86 -0.261248 0.419743 
0.966129 -0.144671 0.240291 
0.827984 -0.455 -0.279578 
0.913103 -0.209082 0.367161 
0.86 -0.210055 0.378666 
0.664676 0.746721 -0.0736811 
0.58 0.788517 -0.0597157 
0.614793 0.74231 -0.186732 
0.968478 0.0435613 0.260701 
0.863733 -0.27071 0.380234 
0.822718 -0.288265 0.408844 
0.866211 -0.220639 0.389694 
0.828142 -0.302322 0.386704 
0.627155 0.705419 -0.242543 
0.646037 0.743418 -0.165451 
0.614965 0.423382 -0.633117 
0.921238 0.0771884 0.284134 
0.86 -0.126768 0.436788 
0.867421 -0.1253 0.417953 
0.595556 0.771854 -0.055 
0.58 0.787551 0.175 
0.58 0.788426 -0.0375758 
0.58 0.787551 0.175 
0.896985 -0.0115187 0.395628 
0.77864 -0.514607 -0.385013 
0.881049 0.0406144 0.410898 
0.655512 0.754011 -0.0722404 
0.58 0.788535 -0.0640278 
0.938434 0.0719958 0.284436 
0.994837 0.104578 0.0477283 
0.93859 0.0745344 0.265287 
0.782426 -0.322435 0.476598 
0.86 -0.246379 0.458468 
0.86 -0.178152 0.47063 
0.896298 -0.00396615 0.393502 
0.86 -0.244738 0.374408 
0.896536 0.0121093 0.384422 
0.967105 0.024348 0.261705 
0.894084 0.0243726 0.384542 
0.632346 0.744508 -0.17 
0.614177 0.788999 -0.0233745 
0.93859 0.0745344 0.265287 
0.86 -0.236185 0.461605 
0.954463 -0.134819 0.25335 
0.86 -0.206457 0.469228 
0.570283 0.796656 -0.055057 
0.600635 0.790732 -0.106878 
0.820094 -0.247737 0.443092 
0.86 -0.207686 0.432283 
0.572772 0.794583 -0.0592063 
0.549595 0.813808 -0.002663 
0.587203 0.811119 -0.00581562 
0.64 0.643801 -0.317857 
0.569309 0.683944 -0.40805 
0.675867 0.507771 -0.546718 
0.81901 -0.2524 0.442302 
0.86 -0.245818 0.400026 
0.791401 -0.275185 0.489167 
0.58 0.243774 -0.731398 
0.65937 0.457252 -0.613155 
0.514463 0.771874 0.298592 
0.86 -0.183862 0.477707 
0.906034 -0.233845 0.319338 
0.93 0.0510428 0.274416 
0.946391 0.15745 0.128805 
0.868529 0.443321 0.0101959 
0.86 -0.155456 0.416768 
0.86 -0.166291 0.483114 
0.646449 0.724065 -0.17 
0.663197 0.278979 -0.659705 
0.58 0.82 0.0671124 
0.541932 0.82 0.0558053 
0.523428 0.790279 0.253258 
0.541634 0.82 0.116695 
0.583767 0.784681 -0.106851 
0.65111 0.155874 -0.6875 
0.571731 0.82 0.0268653 
0.806533 -0.33425 0.413549 
0.86 -0.301178 0.412129 
0.849718 -0.228332 0.421429 
0.86 -0.226432 0.421429 
0.542084 0.82 0.0248437 
0.931913 0.232108 0.064339 
0.935506 0.217893 0.175 
1 0.0184931 0.0206353 
0.542064 0.82 0.0289603 
0.58 0.816576 5.12122e-05 
0.86 0.456458 -0.00941091 
0.981127 0.186504 0.0966382 
0.853636 0.480433 -0.0897544 
0.86 0.480635 -0.0911524 
0.950781 0.136172 0.0488215 
0.95129 0.048955 0.218537 
0.983072 -0.0313158 0.0395204 
0.944382 0.167054 0.175 
0.997393 -0.0626643 -0.0648145 
0.6163 0.755802 -0.055 
0.594077 0.75243 0.244669 
0.555274 0.808656 0.0907227 
0.536947 0.742032 0.317764 
1 -0.03 -0.0253647 
0.896475 0.0896439 0.343866 
0.890757 0.409427 -0.0225165 
0.44 -0.641367 -0.577073 
0.954663 0.105384 0.179874 
0.984412 0.100656 0.0535977 
0.965204 0.0469834 0.223644 
0.965666 0.0606111 0.0277317 
0.945346 0.174153 0.175 
0.918417 0.0870937 0.286483 
0.619852 -0.644986 -0.432646 
0.58 -0.659949 -0.454191 
0.541832 -0.626258 -0.516201 
1 -0.0239798 -0.0501042 
1 -0.0307569 -0.0503341 
0.936517 0.209324 0.0151478 
0.650309 0.541282 0.52 
0.917205 -0.245799 0.321934 
0.86 -0.228476 0.365812 
0.921722 -0.0281896 0.338182 
0.545676 -0.706418 0.355313 
0.511031 -0.827254 0.0427292 
0.504711 -0.832117 0.0336228 
0.815415 -0.315918 -0.407043 
0.933172 0.105828 0.292887 
0.961036 0.15507 0.126808 
0.95121 0.0968302 0.224423 
0.460764 -0.699925 -0.494556 
0.44 -0.66965 -0.549612 
0.443052 -0.702968 -0.515 
0.942561 -0.18607 0.098524 
0.937128 -0.0411571 0.290116 
0.86 -0.235133 0.402484 
0.86 -0.151678 0.419405 
0.86 -0.224698 0.405 
0.628496 -0.61669 -0.405467 
0.939897 -0.19753 -0.0218879 
0.962557 0.015186 0.276389 
0.880946 -0.422526 -0.245972 
0.86 -0.455 -0.245921 
0.955493 -0.171667 0.261667 
0.941402 0.0152741 0.314861 
0.918417 0.0870937 0.286483 
0.756364 0.158848 -0.648681 
0.86 -0.271235 0.450818 
0.918417 0.0870937 0.286483 
0.761649 0.165512 -0.617765 
0.939477 0.0774499 0.235185 
0.937778 0.201328 0.129686 
0.44 -0.6536 -0.585357 
0.455579 -0.693396 -0.515 
0.630243 -0.650259 -0.42975 
0.94749 0.00605432 0.284035 
0.72 0.163339 -0.663431 
0.618752 0.513413 -0.599885 
0.494276 0.530923 -0.63474 
0.619115 0.67894 -0.41861 
0.539272 0.628657 -0.515 
0.505944 0.686299 -0.462385 
0.973876 -0.0671563 -0.0159218 
0.628696 0.744396 -0.100232 
0.649071 0.711962 -0.175508 
0.533279 0.709215 -0.381035 
1 -0.0492036 0.0341596 
0.708494 0.643352 -0.302889 
0.703753 0.546564 -0.424891 
0.58 0.601174 -0.503101 
0.703682 0.465067 -0.547817 
0.58 0.492033 -0.606702 
0.535543 0.674271 -0.439645 
0.72 0.607761 -0.364743 
0.692 0.667823 -0.27993 
0.684009 0.7196 -0.17 
0.971684 -0.13071 0.228946 
0.6154 0.582063 -0.515 
0.686599 0.320847 -0.658287 
0.583553 0.640349 -0.426872 
0.58 0.641262 -0.431995 
0.93653 0.084132 0.261876 
0.971531 -0.153564 0.199699 
0.921441 0.0764755 0.283965 
0.53537 0.760099 -0.392636 
0.58 0.728293 -0.385648 
0.72 0.630056 -0.309562 
0.721042 0.534733 -0.443013 
0.72 0.470567 -0.515 
0.521115 0.818772 -0.220369 
0.634902 0.672099 -0.273105 
0.58 0.70507 -0.318818 
0.72 0.619031 -0.336849 
0.788566 0.528454 -0.339022 
0.737241 0.563838 -0.368656 
0.652813 0.679773 -0.25674 
0.687413 0.519421 -0.515 
0.72 0.629624 -0.31063 
0.761221 0.58205 -0.32522 
0.765585 0.57631 -0.315953 
0.58 0.492091 -0.605461 
0.58 0.612088 -0.483742 
0.644947 -0.567104 0.52 
0.851514 -0.196987 0.487986 
0.72 0.620549 -0.333093 
0.72 0.559564 -0.410451 
0.669295 0.681682 -0.2519 
0.61796 0.748248 -0.143886 
0.954626 0.116569 0.0496319 
0.747526 0.539048 -0.394804 
0.597967 0.616214 -0.442326 
0.694734 0.469597 -0.557548 
0.990375 0.0855279 0.0189775 
0.72 0.634237 -0.281822 
0.688519 0.603303 -0.354805 
0.72 0.634513 -0.29853 
0.951327 0.144144 0.025137 
0.58 -0.594457 0.52 
0.881852 -0.137941 0.370509 
0.881852 -0.137941 0.370509 
0.937351 0.204007 0.0928571 
0.498748 -0.707827 0.421478 
0.524163 -0.83451 0.153456 
0.58 -0.60282 0.52 
0.58 -0.798916 0.175 
0.72 -0.6267 0.32179 
0.543885 -0.819007 -0.222383 
0.957336 0.102828 0.0443912 
0.825492 -0.455 0.34769 
0.957017 0.104107 0.0697741 
0.891613 -0.0703866 0.391529 
0.58 -0.69112 0.416197 
0.58 -0.723623 0.361342 
0.72 -0.61292 0.351006 
0.86 -0.134482 0.431404 
0.738018 0.280791 -0.609984 
0.619527 -0.786688 0.0252182 
0.800815 -0.261081 0.477608 
0.86 -0.278762 0.443262 
0.91457 -0.363246 0.175 
0.878116 -0.144125 0.376194 
0.86 -0.455 -0.206348 
0.58 -0.599126 0.52 
0.58 -0.600308 0.52 
0.86 -0.455 0.266351 
0.941137 -0.295911 0.175 
0.58 -0.774284 0.261016 
0.550079 -0.841117 0.0241478 
0.590908 -0.80928 0.0232377 
0.86 -0.218397 0.372845 
0.657287 -0.689621 0.30667 
0.604179 -0.788859 0.118654 
0.708989 0.257584 -0.650847 
0.58 -0.689464 0.381382 
0.549066 -0.826898 0.144196 
0.569042 -0.703869 0.382025 
0.58 -0.814768 0.0521535 
0.58 -0.785207 0.222648 
0.58 -0.80901 0.106868 
0.651526 -0.673149 0.352825 
0.596634 -0.798307 0.0849449 
0.53679 -0.845889 0.0074728 
0.538388 -0.834386 0.175 
0.474245 -0.855605 -0.0226496 
0.504416 -0.818153 -0.221238 
0.58 -0.761324 0.300512 
0.58 -0.812159 0.0769514 
0.503279 -0.833293 0.134094 
0.510018 -0.827842 0.0924842 
0.514954 -0.734607 0.346254 
0.674093 -0.624672 0.40987 
0.599924 -0.799473 0.0494199 
0.72 0.217047 -0.664596 
0.965578 0.0274086 0.268205 
0.534295 -0.825979 -0.219853 
0.540084 -0.78335 0.257878 
0.536346 -0.835791 0.084018 
0.530399 -0.8436 -0.0914979 
0.72 0.607761 -0.364743 
0.900543 -0.0471749 0.383826 
0.924132 0.0412464 0.333853 
0.800495 -0.455 0.406609 
0.820234 -0.272645 0.513447 
0.86 -0.290268 0.431713 
0.72 -0.493182 0.45737 
0.72 0.694214 -0.0958486 
0.932685 0.107786 0.273704 
0.938664 0.0705201 0.284067 
0.72 0.693227 -0.090894 
0.915836 0.181791 0.243657 
0.89786 -0.0111193 0.393078 
0.901016 -0.0699519 0.366667 
0.590408 -0.808209 0.0371267 
0.902185 -0.0481881 0.378726 
0.905851 -0.0742736 0.353854 
0.930185 0.0908639 0.253009 
0.819714 -0.455 0.35478 
0.834097 -0.266632 0.476925 
0.671649 0.657878 -0.245283 
0.72 0.622586 -0.286505 
0.937113 0.0804907 0.286558 
0.86 -0.281423 0.440592 
0.798176 0.562156 -0.2271 
0.771963 0.600223 -0.17 
0.766667 0.604088 -0.0337691 
0.862342 0.513913 -0.045638 
0.883407 -0.455 -0.17 
0.86 0.516987 -0.00393843 
0.653984 0.63687 -0.299378 
0.72 0.60702 -0.358959 
0.697717 0.531702 -0.484632 
0.761704 0.481797 -0.434225 
0.690552 0.514715 -0.515 
0.72 0.665083 -0.17 
0.58 0.788264 0.00187191 
0.72 0.694214 -0.137702 
0.906986 -0.0471413 0.366608 
0.86 -0.115014 0.444991 
0.684554 0.677103 -0.17 
0.684554 0.677103 -0.17 
0.938664 0.0705201 0.284067 
0.784644 -0.507339 -0.380754 
0.869764 0.13133 0.393459 
0.86 0.517065 -0.00591814 
0.8075 0.544661 0.0351749 
0.790952 0.493236 -0.373674 
0.614279 0.752125 -0.128908 
0.72 0.686443 -0.17 
0.86 -0.460183 -0.208701 
0.72 0.625893 -0.319866 
0.681111 0.658298 -0.266727 
0.72 0.691807 -0.153214 
0.800496 -0.526398 0.303742 
0.652564 0.709952 -0.182861 
0.72 0.660343 -0.234599 
0.72 0.636477 -0.29367 
0.978215 0.0678312 -0.205034 
0.76262 0.608579 -0.03203 
0.86 0.517676 -0.0214973 
0.761359 0.0937433 -0.616921 
0.703906 0.656397 -0.17 
0.901176 -0.0869259 0.39472 
0.689578 0.671727 -0.17 
0.7479 0.641773 -0.17 
0.767899 0.620297 -0.17 
0.72 -0.601724 0.357135 
0.72 0.685995 -0.17 
0.72 0.654023 -0.250242 
0.689269 0.719022 -0.159437 
0.72 0.68754 -0.167284 
0.844444 0.537489 -0.00388738 
0.776391 0.608448 -0.17 
1 0.0770287 -0.0903015 
0.72 0.686443 -0.17 
0.972939 0.175209 -0.174178 
0.766759 0.621888 -0.17 
0.777699 0.56608 -0.315656 
0.766667 0.607977 -0.00333769 
0.86 0.0806611 -0.515 
0.86 0.114647 -0.503093 
0.733576 -0.615593 0.310754 
0.946247 0.136291 -0.323335 
0.831036 0.574196 0.0232295 
0.800709 0.580571 -0.148242 
0.72 0.680802 -0.183962 
0.72 -0.529573 -0.463172 
0.72 -0.543073 -0.37463 
0.72 0.661374 -0.178849 
0.918734 -0.359915 -0.17 
0.72 0.646606 -0.00351091 
0.767899 0.620297 -0.17 
0.729584 0.583833 -0.355241 
0.679883 0.712735 -0.17 
0.693448 0.701313 -0.193737 
0.72 0.638253 -0.289273 
0.770744 0.546436 -0.34859 
0.817523 0.575311 0.10982 
0.967714 0.22011 -0.124474 
0.901111 0.258984 -0.37046 
0.72 0.649785 -0.26073 
0.820765 0.532023 -0.222112 
0.794558 0.554034 -0.274417 
0.794909 0.602424 -0.098811 
0.86 0.519274 -0.0621791 
0.778954 0.536667 -0.334638 
0.81016 -0.484356 -0.340265 
0.790365 0.623848 -0.00986916 
0.805835 0.608242 -0.0231319 
0.666784 0.696115 -0.17 
0.996652 0.0864522 0.0487871 
0.856782 0.0990013 -0.515 
0.663422 0.461027 -0.554039 
0.72 0.635263 -0.296674 
0.72 0.694214 -0.0705669 
0.681252 0.152613 -0.662032 
0.58 0.200081 -0.742997 
0.650186 0.437601 -0.631954 
0.779026 0.623556 -0.102509 
0.788983 0.587272 -0.18295 
0.800822 0.534867 -0.311874 
0.766667 0.0510361 -0.625519 
0.72 0.638253 -0.289273 
0.72 0.694214 -0.144568 
0.799746 0.492112 -0.360467 
0.72 0.636564 -0.276476 
0.810348 0.593279 -0.0542657 
0.72 0.694214 -0.113289 
0.65 0.701648 -0.217652 
0.815588 0.557202 0.0388567 
0.661483 0.701787 -0.17 
0.72 0.639177 -0.17 
0.950851 0.136739 -0.0185993 
0.648387 0.375833 -0.644114 
0.699504 0.363428 -0.613718 
0.713622 0.645491 -0.0459947 
0.93022 0.240775 0.0617332 
0.68046 0.647811 -0.355778 
0.705935 0.70823 -0.148145 
0.776 0.0490614 -0.586373 
0.72 0.656875 -0.243182 
0.72 0.350978 -0.602814 
0.725027 0.28926 -0.615257 
0.751939 0.0892741 -0.63 
0.998134 -0.0861574 0.0372067 
0.653883 0.395 -0.643873 
0.986211 -0.134129 0.0188166 
0.72 0.210036 -0.613703 
0.938932 -0.284517 -0.108205 
0.888733 -0.408109 -0.250901 
0.978968 0.237082 0.00961347 
0.72 0.651198 -0.25625 
0.72 0.310822 -0.621784 
0.97274 0.101439 0.0777662 
0.952214 0.130814 0.175 
0.948458 0.147931 0.0545346 
0.769824 0.599005 -0.035942 
0.674403 0.447821 -0.606661 
0.969813 -0.121638 0.0469538 
0.784207 0.242794 -0.57465 
0.708193 0.363466 -0.604733 
0.72 0.339296 -0.594492 
1 0.0996533 -0.0904772 
0.802104 0.543062 -0.276003 
1 0.103694 -0.0856849 
0.951975 0.128361 0.175 
0.953675 0.128666 0.175 
0.985198 0.125169 0.120422 
0.987165 0.105695 0.121394 
0.916727 -0.0760493 0.320366 
0.86 -0.169334 0.407083 
1 0.0740513 -0.0533168 
0.905821 0.0252689 0.352663 
0.97393 -0.253554 0.0553282 
0.992011 -0.134074 0.00360796 
0.968724 0.093688 0.0512676 
0.86 -0.24336 0.365145 
0.907016 -0.0641814 0.354637 
0.86 -0.25946 0.381365 
1 0.085258 -0.103431 
0.637025 -0.560439 0.510643 
0.58 -0.619119 0.472628 
0.960934 -0.167506 0.175 
1 0.0954012 0.00687046 
0.88137 -0.351423 0.243928 
0.86 -0.346166 0.294514 
0.926997 -0.0199839 0.319756 
0.955166 -0.187073 0.175 
0.72 -0.575389 0.407724 
0.923122 0.0504295 0.293146 
0.723503 -0.594443 0.384048 
1 -0.03 -0.0218777 
0.972 -0.181972 0.037 
0.941503 -0.263615 -0.22775 
0.972 -0.121215 0.175 
0.921293 -0.268887 -0.023064 
0.874 -0.27186 0.37543 
1 -0.03 0.0301762 
0.972799 -0.256065 0.0580759 
0.990629 -0.0695479 -0.17 
1 -0.03 -0.0915295 
0.977157 -0.0627006 0.175604 
0.958396 -0.279936 -0.0713502 
0.961674 -0.113569 0.0209407 
0.947429 -0.18856 -0.0233907 
0.988991 -0.165792 0.0140885 
0.968699 -0.103297 0.175 
0.646298 -0.311608 -0.704277 
0.72 -0.531247 -0.461067 
0.668794 -0.507824 -0.557974 
0.958428 -0.217582 0.185566 
0.928946 -0.238906 0.0381375 
0.72 -0.595947 0.3875 
0.913952 0.0559864 0.314769 
0.951919 0.300568 0.0979656 
0.928481 -0.29511 0.243747 
0.977307 0.0676262 -0.1688 
1 0.0971896 -0.0862684 
0.987629 0.0467251 -0.17 
0.936364 -0.219366 0.175 
0.924622 -0.254422 0.141692 
0.987865 0.0376133 -0.17 
1 -0.03 0.0372249 
0.994293 -0.0494942 0.175 
0.978697 -0.118216 0.0400673 
0.808754 -0.377551 0.378282 
0.895625 -0.280689 0.328916 
0.955707 -0.137829 -0.1125 
0.857209 -0.311174 0.328333 
0.86 -0.316208 0.328333 
0.983333 -0.03 0.0702595 
0.963287 -0.121108 0.175 
0.98555 -0.095098 0.175 
0.995553 -0.1174 0.06 
0.779357 -0.513739 -0.384505 
0.936884 -0.207833 0.0994286 
0.897028 -0.295126 -0.218382 
0.941271 -0.189373 0.198927 
0.58 -0.281147 -0.758998 
0.58 -0.524525 -0.626812 
0.987748 0.042113 -0.17 
0.95952 -0.206783 0.193929 
0.964021 -0.244775 0.119878 
0.58 -0.594457 0.52 
0.962093 -0.122519 0.160457 
0.88539 -0.174765 0.37024 
0.901118 -0.344866 0.111955 
0.934158 -0.134192 0.233142 
0.962242 -0.110989 0.06 
0.893209 -0.375342 0.0981865 
0.906309 -0.337794 0.185198 
0.845925 -0.316924 0.353911 
0.977682 -0.0673626 -0.00676 
0.991126 -0.042083 0.175 
0.911094 -0.306437 0.128506 
0.909743 -0.326859 0.182742 
0.946154 -0.262678 0.0356731 
0.907956 -0.0943077 0.331097 
0.916 -0.172304 0.25514 
0.86 -0.19983 0.385802 
0.935248 -0.214644 0.0473733 
0.595722 -0.579147 0.52 
0.95995 -0.278308 -0.0875502 
0.795919 -0.390052 0.398739 
0.86 -0.345601 0.362674 
0.86 -0.198788 0.396278 
0.925882 -0.17619 0.228194 
0.852108 -0.358799 0.292808 
0.882037 -0.334203 0.233055 
0.948421 -0.168778 -0.052537 
0.996622 -0.11169 0.074732 
0.93 -0.233454 0.175 
0.72 -0.570648 -0.411546 
0.623979 -0.593954 -0.443804 
0.612166 -0.571059 -0.553111 
0.913333 -0.225934 0.346209 
0.86 -0.364386 0.270968 
0.924704 -0.254056 0.1466 
0.882008 -0.334423 0.232979 
0.995553 -0.1174 0.06 
0.879095 -0.32019 0.3264 
0.831977 -0.289998 0.396071 
0.58 -0.66379 -0.387432 
0.652773 -0.581156 -0.410366 
0.952623 -0.229557 0.175 
0.927791 -0.252524 0.0139139 
0.486667 -0.742269 -0.373461 
0.452725 -0.76969 -0.370561 
0.58 -0.768574 -0.274558 
0.914286 -0.359499 0.175 
0.937828 -0.342529 0.0903084 
0.959024 -0.25955 0.1146 
0.955147 0.121577 -0.00232251 
0.878404 -0.276017 0.314865 
0.940823 -0.03 -0.362685 
0.58 -0.625145 -0.47225 
0.673705 -0.667986 -0.331703 
0.531113 -0.721906 -0.346964 
0.640333 -0.606093 -0.385377 
0.988346 0.0488022 -0.166958 
0.925791 -0.333341 0.20784 
0.6325 -0.697697 -0.344103 
0.86 -0.324467 0.298825 
0.495927 -0.789232 -0.285328 
0.987581 0.048598 -0.17 
0.771081 -0.529196 -0.318994 
0.940823 -0.03 -0.362685 
0.967024 -0.274796 0.0643204 
0.94301 -0.0233185 -0.353366 
0.906667 -0.361613 0.131889 
0.953333 -0.244237 0.113691 
0.885456 -0.455 0.122611 
0.929142 -0.34468 0.175 
0.881623 -0.455 0.197568 
0.715842 0.543934 -0.424361 
0.72 0.545836 -0.432565 
0.86 -0.381276 0.259182 
0.86 -0.455 0.213184 
0.694971 0.490542 -0.515 
0.86 -0.472296 0.107006 
0.978772 -0.260526 0.00737757 
0.886486 -0.455 0.102469 
0.968373 -0.269686 0.0638279 
0.58 0.527349 -0.605769 
0.58 0.390749 -0.715316 
0.58 0.612266 -0.483426 
0.940823 -0.03 -0.362685 
0.58 0.294971 -0.730853 
0.72 0.540461 -0.438451 
0.975309 -0.275979 -0.000187837 
0.506437 0.512512 -0.641987 
0.539993 0.371221 -0.727245 
0.58 0.606859 -0.493016 
0.660049 0.556412 -0.430576 
0.666619 0.436588 -0.61943 
0.635065 0.305904 -0.710533 
0.65624 0.558106 -0.45011 
0.686584 0.520663 -0.515 
0.669392 0.290225 -0.693996 
0.954546 -0.313554 0.0800738 
0.946476 -0.0152518 -0.273898 
0.788378 0.57664 -0.22418 
0.882362 -0.334534 0.231954 
0.645687 0.246207 -0.744057 
0.663314 0.308617 -0.692813 
0.530723 0.277449 -0.759013 
0.58 0.232078 -0.786138 
0.982855 -0.225862 0.0207136 
0.940835 -0.03 -0.362637 
0.543302 0.244372 -0.779614 
0.481817 0.470766 -0.697139 
0.501363 0.288402 -0.783322 
0.58 0.295635 -0.770824 
0.58 0.468472 -0.626332 
0.86 -0.455 -0.20573 
0.58 0.214366 -0.791194 
0.630677 0.200241 -0.76297 
0.94948 0.142476 0.0725747 
0.500695 0.173971 -0.808758 
0.91385 -0.29539 0.175 
0.90108 -0.286805 0.215168 
0.848876 -0.482537 -0.177722 
0.940823 -0.03 -0.362685 
0.988367 0.0515099 -0.166598 
0.86 -0.473333 -0.17 
0.987796 0.0402866 -0.17 
0.86 -0.485374 -0.182328 
0.86 -0.439243 -0.216886 
0.983749 0.170628 -0.053645 
0.935085 0.217253 -0.0309744 
0.928065 0.253333 -0.0535344 
0.93091 0.271292 -0.0652808 
0.645335 0.760807 -0.0967114 
0.84672 -0.489051 -0.17 
0.65396 0.314733 -0.700649 
0.51957 0.252999 -0.79565 
0.952772 0.175059 -0.0310228 
0.860328 -0.472877 -0.17 
0.752227 -0.55283 -0.263655 
0.780396 -0.524391 -0.254105 
0.978236 0.179881 -0.118094 
0.72 -0.578764 -0.287446 
0.709485 0.703522 -0.0840263 
0.649265 0.751609 -0.17 
0.942501 0.178492 0.0396454 
0.72 0.688079 0.100839 
0.889175 -0.424196 -0.17 
0.792442 0.605813 0.00503527 
0.72 0.63823 0.0601676 
0.925105 0.269805 -0.15469 
0.852845 -0.494671 -0.17 
0.950796 0.254409 -0.17 
0.672219 0.689796 -0.047424 
0.72 -0.58903 -0.30555 
0.94909 0.16305 0.00623918 
0.95731 0.2414 -0.17 
0.915085 0.233349 -0.327619 
0.86 0.237918 -0.363883 
0.785931 0.239629 -0.574016 
0.700321 0.29016 -0.646311 
0.714792 0.697306 0.0821679 
0.938815 0.285139 -0.17 
0.755678 0.623335 0.0155682 
0.723295 0.690918 -0.0345853 
0.96474 0.179461 -0.122955 
0.935469 0.216134 -0.0924298 
0.944765 0.120673 -0.331764 
0.765638 0.645572 0.0467539 
0.626667 0.73812 0.0535633 
0.969714 0.180975 -0.117292 
0.948658 0.134085 -0.2837 
0.869455 -0.117588 -0.431099 
0.940823 -0.03 -0.362685 
0.933868 0.279839 -0.17 
0.596425 0.770451 0.06 
0.949615 0.273018 -0.17 
0.956807 0.119406 -0.284332 
0.848119 -0.476047 -0.209413 
0.946418 0.15932 -0.0179019 
0.963926 0.155586 -0.103825 
0.68 0.734214 -0.0289557 
0.97177 0.151362 -0.0779528 
0.952468 0.201873 -0.0812943 
0.896857 -0.424933 -0.17 
0.965521 0.1825 -0.130903 
0.940823 -0.03 -0.362685 
0.932186 0.217137 -0.32095 
0.86 -0.03 -0.506642 
0.86 -0.113124 -0.447788 
0.86 -0.455 -0.20573 
0.64385 -0.267081 -0.725313 
0.940681 -0.0306047 -0.363308 
0.96936 0.163473 -0.230263 
0.86 0.456405 0.00348847 
0.871038 0.439597 -0.0180078 
0.935936 0.208926 0.175614 
0.930853 0.237213 0.0859493 
0.943995 0.202735 0.058445 
0.854988 0.463197 -0.0629084 
0.838548 0.485219 -0.0711749 
0.86 -0.014974 -0.515 
0.990082 0.135718 -0.108524 
0.974631 0.140087 -0.17 
0.960481 0.154825 -0.000423862 
0.86 -0.473333 -0.17 
0.969055 0.177439 -0.203293 
0.970739 0.192823 -0.155989 
0.977339 0.135615 -0.0906242 
0.58 0.788442 -0.0414896 
0.951098 0.134933 0.0213611 
0.935375 0.198816 -0.323136 
0.86 0.112415 -0.458563 
0.855073 0.108736 -0.515 
0.908372 0.138285 -0.398247 
0.86 0.184887 -0.450149 
0.848291 0.147385 -0.515 
0.977497 0.129872 -0.17 
0.940823 -0.03 -0.362685 
0.939429 -0.03271 -0.368468 
0.792282 0.532445 -0.192589 
0.804635 0.529117 -0.17 
0.86 0.491781 -0.17 
0.683759 0.264557 -0.679735 
0.557884 0.263704 -0.742514 
0.862133 -0.0909315 -0.45771 
0.86 -0.0978796 -0.458582 
0.953333 0.1639 0.00170279 
0.962776 0.222453 -0.0735263 
0.87625 -0.443145 -0.17 
0.932198 0.233869 -0.17 
0.86 0.20464 -0.381615 
0.86 -0.474892 -0.204273 
0.841101 -0.0818404 -0.515 
0.86 -0.014974 -0.515 
0.86 0.0847141 -0.496776 
0.809882 -0.03 -0.568426 
0.86 0.0806611 -0.515 
0.867033 -0.479498 -0.17 
0.933336 0.0706168 -0.372115 
0.953333 0.1639 0.00170279 
0.982156 0.181904 -0.0796374 
0.954228 0.279199 -0.0112393 
0.825924 0.501164 -0.104782 
0.837015 0.487832 -0.0997086 
0.86 0.498055 -0.147459 
0.940823 -0.0299968 -0.362683 
0.956978 0.0672911 -0.274213 
0.970525 0.159406 -0.17 
0.930767 -0.0537495 -0.385675 
0.895124 0.245085 0.265847 
0.86 0.156664 -0.485 
0.86 0.0806611 -0.515 
0.72 0.263559 -0.644111 
0.935016 0.231305 -0.297063 
0.944953 0.240925 -0.17 
0.86 0.202562 -0.382722 
0.900069 0.395 0.0193501 
0.844115 0.50336 -0.17 
0.844115 0.50336 -0.17 
0.643465 -0.600588 0.487998 
0.940745 -0.0252126 -0.362506 
0.940722 -0.0302156 -0.363105 
0.900057 0.395 0.0239128 
0.95724 0.242441 -0.168399 
0.634319 0.499127 -0.598605 
0.930768 -0.0537481 -0.385675 
0.662512 -0.586046 0.478169 
0.86 0.45635 0.0169251 
0.899335 0.206142 0.275029 
0.565609 0.347184 -0.714623 
0.488981 0.449993 -0.71018 
0.58 0.510152 -0.590126 
0.884353 0.419076 0.0151087 
0.72 0.130943 -0.660158 
0.86 0.492193 -0.143081 
0.86 0.491781 -0.17 
0.58 0.534952 -0.58098 
0.945916 0.280697 0.121757 
0.853314 0.5046 -0.052987 
0.585597 0.395 -0.708367 
0.608635 0.317645 -0.688005 
0.933454 -0.0387285 -0.377532 
0.737912 0.129791 -0.618135 
0.86 0.0806611 -0.515 
0.699842 0.204036 -0.628642 
0.513372 0.294785 -0.767283 
0.596553 0.193018 -0.729222 
0.969283 0.192485 -0.169397 
0.95514 0.0549535 -0.293801 
0.930895 0.084056 -0.37228 
0.839086 0.0703785 -0.515 
0.771348 0.241608 -0.576764 
0.86 0.199458 -0.384377 
0.72 0.016691 -0.659315 
0.86 0.19709 -0.385638 
0.811244 0.210612 -0.556471 
0.899244 0.238389 -0.313371 
0.72 0.23944 -0.655505 
0.953686 0.245869 -0.17 
0.755 0.659214 0.00193532 
0.789211 0.615582 0.0644355 
0.86 -0.2515 0.349745 
0.44 -0.644214 -0.599148 
0.58 -0.715344 -0.384139 
0.907955 -0.0804444 -0.340712 
0.954419 0.253278 -0.17 
0.72 0.657467 0.0195691 
0.653222 0.710283 -0.0864174 
0.931801 0.196985 -0.330912 
0.72 0.190125 -0.643136 
0.719408 0.638917 0.047133 
0.687696 0.672798 0.0591699 
0.952375 -0.0401915 -0.318098 
0.723107 0.269222 -0.637601 
0.885953 0.299775 -0.365361 
0.86 0.517264 -0.0109874 
0.933913 0.225 -0.160462 
0.852282 0.522829 -0.0971492 
0.940824 -0.03 -0.362683 
0.950101 0.0110148 -0.321861 
0.789813 0.547682 0.00213273 
0.86 -0.249561 0.351098 
0.72 0.644523 0.0116274 
0.58 -0.768349 -0.275139 
0.58 0.186739 -0.746538 
0.596348 0.140744 -0.743292 
0.86 -0.132011 -0.447672 
0.821281 -0.0967315 -0.53179 
0.843136 -0.18415 0.435083 
0.860884 -0.172215 0.435622 
0.532562 -0.810309 0.175 
0.496319 -0.838115 0.14415 
0.792055 0.589754 -0.0388799 
0.940823 -0.03 -0.362685 
0.72 0.643771 0.0376616 
0.707241 0.686553 0.113335 
0.65 0.758043 -0.0784462 
0.86 0.47741 0.0135573 
0.538955 -0.835864 -0.119293 
0.505977 -0.833277 -0.267551 
0.804251 0.539434 -0.111659 
0.791396 0.546086 -0.110151 
0.844572 0.0210999 -0.515 
0.86 0.0251828 -0.515 
0.866225 -0.03 -0.489739 
0.86 -0.03 -0.506642 
0.86 0.308535 -0.430395 
0.916853 -0.0781015 -0.408032 
0.84013 0.326496 -0.42447 
0.688852 0.122857 -0.660582 
0.72 0.104409 -0.63603 
0.940704 -0.03 -0.363157 
0.733679 0.620507 0.0442385 
0.728808 0.626807 0.0524546 
0.72 0.104841 -0.68857 
0.72 0.166392 -0.682206 
0.57342 0.131436 -0.770658 
0.756451 0.459094 -0.467715 
0.72 0.638369 0.026315 
0.856371 -0.258475 0.353127 
0.870662 -0.256574 0.333768 
0.58 -0.807256 0.123535 
0.58 -0.766939 0.287169 
0.86 -0.166078 -0.410295 
0.789785 0.610099 0.0918589 
0.940801 -0.03 -0.362773 
0.692224 0.291871 -0.654653 
0.76733 0.611385 -0.17 
0.86 0.519326 -0.063514 
0.767464 0.645639 0.0345553 
0.535002 0.291942 -0.751992 
0.676365 0.292836 -0.647433 
0.72 0.284027 -0.634442 
0.72 0.229961 -0.614181 
0.72 0.638385 0.0225269 
0.766159 0.57225 -0.194452 
0.819128 0.509566 0.000998924 
0.86 0.328818 -0.405901 
0.864833 -0.134069 -0.445223 
0.798168 0.395 -0.469416 
0.591579 -0.706389 -0.410147 
0.762467 0.243855 -0.600989 
0.851978 0.316668 -0.43711 
0.576973 -0.767488 0.293103 
0.533333 -0.830646 0.161289 
0.653333 -0.646893 0.405489 
0.553077 -0.826109 -0.133379 
0.555025 -0.756917 0.244592 
0.533116 -0.829009 -0.200885 
0.890534 0.177464 -0.420133 
0.854432 0.185852 -0.469668 
0.829619 0.144355 -0.544777 
0.506877 -0.680155 -0.54565 
0.51 -0.730996 -0.465714 
0.759646 0.0667339 -0.600474 
0.58 0.271533 -0.728708 
0.58 0.274544 -0.72323 
0.72 0.229444 -0.660227 
0.72 0.638234 0.0591804 
0.829937 -0.245878 0.483773 
0.72 0.227199 -0.611603 
0.725096 0.395 -0.575727 
0.653762 0.408195 -0.609857 
0.72 0.480583 -0.451303 
0.654599 0.377077 -0.663754 
0.495436 0.428561 -0.72433 
0.621005 0.447692 -0.643128 
0.61589 -0.796873 -0.0823894 
0.520983 -0.828871 0.175 
0.536439 -0.851973 0.0223603 
0.58 -0.823559 -0.0313861 
0.588349 0.779242 0.0235342 
0.72 0.503234 -0.411125 
0.72 0.395 -0.582018 
0.58 -0.811668 -0.0915377 
0.556088 -0.807701 -0.22519 
0.596425 0.770451 0.06 
0.623892 0.754489 -0.00483704 
0.72 0.693734 0.068732 
0.515622 -0.839956 -0.192574 
0.72 0.685634 0.114725 
0.86 0.344994 -0.386367 
0.89646 -0.0668943 0.394386 
0.86 -0.114739 0.445182 
0.58 -0.819494 0.0072439 
0.546766 -0.806319 -0.216856 
0.58 0.306242 -0.714816 
0.631518 -0.782696 -0.0591497 
0.769619 0.632609 0.0945892 
0.626667 0.73812 0.0535633 
0.86 -0.212959 0.37664 
0.51 -0.727409 -0.43677 
0.502222 -0.691111 -0.515 
0.587355 0.780296 0.0256793 
0.72 0.671659 0.0201015 
0.67162 0.742593 0.00840936 
0.72 0.668535 0.0106218 
0.964699 0.0474685 0.27247 
0.892884 -0.132188 0.345 
0.937689 -0.290546 0.175 
0.832 0.442214 -0.261023 
0.86 0.416897 -0.279525 
0.622039 -0.735326 0.276074 
0.777656 0.322069 -0.545288 
0.784521 0.395 -0.454279 
0.798179 0.395 -0.422777 
0.770406 0.395 -0.515 
0.58 -0.739327 -0.350143 
0.72 0.680579 0.0091829 
0.940857 -0.03 -0.362549 
0.919288 0.297869 -0.0394383 
0.892847 0.376231 -0.252946 
0.91974 -0.362695 0.175 
0.880412 -0.159061 0.359625 
0.588874 0.778631 0.0352241 
0.63087 -0.783344 -0.0441778 
0.58 -0.763241 -0.288339 
0.626667 0.744353 0.0511811 
0.869077 -0.216946 0.452209 
0.86 -0.236036 0.450748 
0.948213 0.149794 0.00999846 
0.6308 0.733881 0.00877348 
0.672816 0.741398 0.0110768 
0.783722 -0.0288967 -0.598194 
0.86 0.0320275 -0.515 
0.876295 0.0312006 -0.429786 
0.86 0.031871 -0.515 
0.763672 0.395 -0.50237 
0.596425 0.770451 0.06 
0.914145 0.324167 -0.0461297 
0.917717 -0.10403 0.33741 
0.872444 -0.242408 0.322785 
0.623507 0.741509 0.0513984 
0.837926 0.485825 -0.17 
0.86 0.462342 -0.144301 
0.966239 0.0603975 -0.17 
0.623258 0.776768 0.0315232 
0.766667 0.503851 -0.302391 
0.72 0.522123 -0.377621 
0.889503 0.422056 -0.110937 
0.890229 0.439279 -0.178849 
0.836323 0.46564 -0.2095 
0.670602 0.690946 0.0935342 
0.661579 0.752635 0.014276 
0.93123 0.236244 0.0165809 
0.900299 0.395 -0.0663307 
0.829413 0.496647 -0.10979 
0.832917 0.395 -0.376929 
0.833726 0.43066 -0.277535 
0.847892 0.472865 -0.17 
0.897904 0.380488 -0.233073 
0.86 0.446515 -0.236903 
0.975688 0.051064 -0.216721 
0.91333 -0.297421 0.171522 
0.72 0.694214 -0.0114872 
0.86 0.45975 -0.145184 
0.86 0.415966 -0.287886 
0.856444 -0.257634 0.353548 
0.72 0.49659 -0.42291 
0.685108 0.503243 -0.515 
0.94832 0.149264 0.00878204 
0.72 0.694214 0.0417561 
0.910432 -0.211497 0.242692 
0.823646 0.573014 0.0726687 
0.783636 0.586692 0.0215278 
0.918164 -0.122034 0.337182 
0.873561 0.446101 -0.224758 
0.85423 0.475368 -0.17 
0.72 0.638254 0.0543491 
0.72 0.638388 0.0216943 
0.765758 0.637804 0.0689611 
0.749952 0.599445 0.0201997 
0.946127 0.160453 0.0076545 
0.883544 -0.412604 0.0791363 
0.94831 0.149235 0.014479 
0.823847 0.44777 -0.269972 
0.837524 0.395 -0.366157 
0.750754 0.497051 -0.351157 
0.72 0.470567 -0.515 
0.92081 -0.189638 0.230172 
0.727989 0.628186 -0.0237491 
0.743175 0.607979 0.0875955 
0.95625 0.129375 0.0025 
0.938809 0.196724 0.0821886 
0.804 0.533944 0.106 
0.72 0.638354 0.0299754 
0.953333 0.236515 -0.039478 
0.86 0.49056 -0.163097 
0.817477 0.512416 -0.17 
0.934516 0.276182 -0.000150027 
0.946526 0.158375 0.0108192 
0.819107 0.510297 -0.17 
0.908062 0.329535 -0.265011 
0.849461 0.355316 -0.325638 
0.72 0.638725 -0.0600555 
0.769687 0.61464 -0.0475579 
0.794547 0.541084 -0.172041 
0.796087 0.540233 -0.17 
0.835484 0.488714 -0.100704 
0.90037 0.395 -0.0926897 
0.796574 0.580974 -0.0186824 
0.739625 0.65975 -0.17 
0.72 0.658517 -0.0754217 
0.857722 0.479374 -0.13754 
0.807014 0.526023 -0.17 
0.796025 0.540313 -0.17 
0.785267 0.512305 -0.244492 
0.86 0.491781 -0.17 
0.825 0.485544 -0.299375 
0.667401 0.560652 -0.409104 
0.940681 -0.0306047 -0.363308 
0.72 0.590665 -0.314429 
0.757642 0.588823 -0.323678 
0.795835 0.54056 -0.17 
0.950746 0.136485 0.0392079 
0.940823 -0.03 -0.362685 
0.933731 0.224182 -0.0330666 
0.839165 0.398468 -0.323484 
0.940681 -0.0306047 -0.363308 
0.86 0.480807 -0.17 
0.86 0.482874 -0.17 
0.766667 0.607977 -0.00333769 
0.808816 0.562547 -0.0438729 
0.72 0.638809 -0.0805884 
0.82945 0.573645 -0.0290434 
0.953333 0.236515 -0.039478 
0.938254 0.199397 0.0936094 
0.76189 0.355289 -0.54906 
0.86 0.465262 -0.107616 
0.86 0.491781 -0.17 
0.86 0.466853 -0.14125 
0.691227 0.508699 -0.515 
0.953333 0.236515 -0.039478 
0.916654 0.311425 -0.0494081 
0.753333 0.480423 -0.3747 
0.973923 0.14 0.00988105 
0.963529 0.224645 -0.0266064 
0.940823 -0.03 -0.362685 
0.86 0.519017 -0.0556515 
0.807152 0.523184 -0.174716 
0.812158 0.519334 -0.17 
0.758881 0.515806 -0.299143 
0.75608 0.468216 -0.390017 
0.970493 -0.03 -0.2455 
0.94301 -0.0233185 -0.353366 
0.804054 0.345129 -0.435801 
0.86 0.304328 -0.423815 
0.806723 0.371882 -0.415388 
0.982441 0.121348 -0.0513232 
0.72 0.504867 -0.408229 
0.649717 0.747262 0.101398 
0.860703 0.490799 -0.17 
0.860703 0.490799 -0.17 
0.934186 0.221629 -0.0162366 
0.91788 0.305303 -0.0583764 
0.924821 0.268918 0.0156197 
0.955311 0.136102 -0.0708521 
0.974019 0.0207519 -0.17 
0.952476 0.129308 -0.0806984 
0.752008 0.497331 -0.347766 
0.703539 0.508754 -0.432574 
0.789837 0.274705 -0.552624 
0.72 0.685186 0.117266 
0.596425 0.770451 0.06 
0.83712 0.320779 -0.426352 
0.862145 0.302327 -0.431644 
0.58 0.271018 -0.724166 
0.58 0.271018 -0.724166 
0.72 0.223997 -0.6628 
0.648911 0.763569 0.0153071 
0.940823 -0.03 -0.362685 
0.940823 -0.03 -0.362685 
0.903025 -0.169019 0.292158 
0.812262 0.32546 -0.427347 
0.86 0.307155 -0.432062 
0.591723 0.319374 -0.700246 
0.562551 0.303807 -0.728406 
0.6977 0.395 -0.579975 
0.72 0.32874 -0.61332 
0.72 0.466814 -0.515 
0.953333 0.220978 -0.0105315 
0.940823 -0.03 -0.362685 
0.659868 0.395 -0.615743 
0.86 -0.146413 -0.424219 
0.940681 -0.0306047 -0.363308 
0.843181 0.323211 -0.426132 
0.926451 0.261444 -0.0451021 
0.940823 -0.03 -0.362685 
0.940823 -0.03 -0.362685 
0.57627 0.0267668 -0.832233 
0.595372 0.771605 0.0530962 
0.86 -0.0954199 0.501977 
0.58 0.253333 -0.728861 
0.72 0.140427 -0.68489 
0.72 0.150497 -0.683849 
0.59143 -0.27063 -0.754235 
0.933025 -0.03 0.362322 
0.504608 -0.03 -0.86 
0.65624 0.664442 0.25379 
0.749633 0.59551 0.300618 
0.58 0.256345 -0.728061 
0.822407 0.206045 -0.544847 
0.878984 -0.0671875 0.481579 
0.988382 0.0222594 0.175 
0.986102 0.00888204 0.180724 
0.979259 0.037662 0.175 
0.576698 -0.0825397 -0.78799 
0.97972 -0.03 0.183916 
0.976757 0.0857973 0.175 
0.962773 0.0733328 0.175 
0.980557 0.0599345 0.175 
0.961415 0.0873233 0.175 
0.957095 0.102268 0.175 
0.937069 0.207611 -0.065317 
0.58 0.788113 0.0385298 
0.548581 0.814624 0.00583825 
0.932187 0.294632 -0.0529838 
0.998344 -0.0574712 -0.0520894 
0.988333 -0.0646987 -0.02625 
0.994766 -0.03 0.116986 
0.983208 -0.03 0.116634 
0.58 0.788159 0.027339 
1 0.043946 -0.00175898 
0.994806 -0.03 0.175 
1 -0.03 -0.0306719 
0.953333 0.186405 -0.055 
0.968682 0.163656 -0.00236097 
0.596425 0.770451 0.06 
0.596425 0.770451 0.06 
0.964925 -0.113979 0.189558 
0.953334 0.230043 -0.0202279 
0.70755 0.506317 -0.429284 
1 -0.0109615 -0.0790684 
0.949569 -0.0991329 0.216364 
0.938169 -0.121766 0.245053 
0.953333 0.186405 -0.055 
0.997524 -0.0508149 -0.0526707 
0.58 0.787922 0.0850322 
0.58 0.788057 0.0521115 
0.58 0.78846 -0.0458315 
0.941176 0.186013 -0.0162337 
0.58 0.795013 0.0609446 
0.99562 -0.060802 -0.0652943 
0.927855 0.254086 -0.0301711 
0.930733 0.239611 -0.0442392 
0.983051 -0.03 0.175 
0.985607 0.125122 -0.17 
0.591514 0.775838 0.0277826 
0.591514 0.775838 0.0277826 
0.835021 0.532976 -0.100847 
0.58 0.81004 0.0540436 
0.995975 0.106775 -0.118553 
1 -0.0111835 -0.0817714 
0.965953 0.0589657 0.0410342 
0.600694 0.766114 0.00383971 
0.626667 0.738169 0.0415312 
0.601665 0.765083 0.00194551 
0.601665 0.765083 0.00194551 
0.58 0.788448 -0.0427839 
0.58 0.788139 0.0323366 
0.98835 -0.03 -0.0286433 
0.999517 0.0601936 0.0480279 
0.989572 -0.0120186 0.135143 
0.976667 0.0687371 0.158671 
0.58 0.788455 -0.04458 
0.958286 0.118979 -0.0701444 
0.92769 0.255263 -0.055 
0.949907 0.202631 -0.0465569 
0.998091 -0.0565632 -0.0631343 
0.997237 -0.0564195 -0.0801357 
0.920976 0.289364 -0.0467045 
0.834173 0.507746 -0.242116 
0.927612 0.255664 -0.055 
0.948981 0.146371 -0.0261477 
0.959251 0.158786 -0.055 
0.953333 0.16009 -0.055 
0.806046 0.548672 -0.223877 
0.72 0.647772 -0.218597 
0.816379 0.557842 -0.151342 
0.809551 0.57011 -0.0785543 
0.72 0.639103 -0.152068 
0.782161 0.629205 -0.0665005 
0.733272 0.640146 -0.17 
0.695885 0.664948 -0.162559 
0.699936 0.660644 -0.17 
0.809035 0.541278 -0.247666 
0.653361 0.566222 -0.429976 
0.987847 0.0663874 0.155439 
0.990096 -0.0812722 -0.0608148 
0.979506 -0.0437222 0.162882 
0.959235 -0.121603 0.149245 
0.993361 0.000229217 -0.0399537 
0.965098 0.0630755 0.0588491 
1 -0.03 -0.0345188 
1 0.0200616 0.0562333 
0.58 -0.136701 -0.803072 
0.991162 -0.0902045 -0.17 
0.664545 0.700436 -0.0384463 
0.58 0.264411 -0.778975 
0.955856 -0.134361 0.168704 
0.58 0.702309 0.352423 
0.964934 0.236668 -0.113586 
0.981687 0.136518 -0.179998 
0.86 0.510584 -0.102448 
0.560784 0.761907 0.326867 
0.55646 0.635081 0.476096 
0.57736 0.728337 0.36702 
0.58 0.713196 0.382534 
0.514199 0.712593 0.402613 
0.5157 0.68291 0.452303 
0.5254 0.641871 0.518683 
0.657494 0.588193 0.477224 
0.58 0.727552 0.36917 
0.555612 0.809033 -0.069751 
0.639684 0.568705 0.52 
0.58 0.619175 0.473287 
0.685826 -0.67153 0.0366485 
0.58 0.721992 0.380168 
0.607521 0.644646 0.413798 
0.58 -0.801841 0.175 
0.596288 -0.76317 0.146182 
0.58 0.641946 0.442875 
0.58 -0.775356 -0.17 
0.69746 -0.660188 0.0399928 
0.750641 -0.616349 0.074463 
0.58 -0.804641 -0.131505 
0.58 -0.778161 0.011843 
0.750385 -0.601871 0.14899 
0.611111 0.631111 0.444189 
0.629321 0.644197 0.43328 
0.58 0.661172 0.454306 
0.58 0.61417 0.52 
0.585511 0.739829 0.33158 
0.58 0.733464 0.355887 
0.663822 -0.692647 0.119432 
0.72 -0.685279 0.175 
0.802483 -0.572089 0.175 
0.58 -0.658502 -0.397737 
0.767302 -0.581751 0.175 
0.58 -0.819318 0.00891706 
0.58 -0.814573 0.0540032 
0.503093 0.654769 0.52 
0.607954 -0.747836 -0.0902467 
0.72 -0.689784 -0.0961152 
0.58 -0.676705 -0.36226 
0.58 -0.77543 0.0572696 
0.605455 -0.749559 0.0995648 
0.613527 -0.753156 -0.241837 
0.58 -0.775137 -0.111627 
0.58 -0.711641 -0.418803 
0.58 -0.705982 -0.36963 
0.58 -0.606015 -0.500028 
0.711839 -0.645796 0.14436 
0.678367 -0.678535 0.105624 
0.72 -0.637977 0.110112 
0.58 -0.694346 -0.44054 
0.609767 -0.620583 -0.494028 
0.58 -0.685863 -0.451201 
0.58 -0.680637 -0.45777 
0.72 -0.579432 -0.400506 
0.641482 -0.560202 -0.515 
0.58 -0.747755 -0.309506 
0.597779 -0.765178 0.169374 
0.630297 -0.615895 -0.472869 
0.72 -0.582991 -0.396033 
0.58 -0.741972 -0.343306 
0.58 -0.710057 -0.419084 
0.677267 -0.679347 0.175 
0.72 -0.687645 0.137298 
0.648235 -0.707926 0.0926102 
0.58 -0.81983 0.00405348 
0.58 0.700323 0.42599 
0.58 0.65325 0.43987 
0.58 -0.750238 -0.321945 
0.530449 0.676346 0.442132 
0.586436 0.600641 0.489719 
0.58 -0.727071 -0.338703 
0.58 -0.699068 -0.318677 
0.598216 -0.618917 -0.511341 
0.589188 -0.699836 -0.299744 
0.559897 0.659449 0.428453 
0.58 -0.801743 0.0123744 
0.58 -0.792748 0.00331158 
0.58 -0.715082 -0.392343 
0.58 -0.774646 0.0195848 
0.610129 -0.667167 -0.435003 
0.58 -0.754729 -0.310337 
0.602756 -0.706556 -0.385584 
0.58 -0.738041 -0.353467 
0.58 -0.704219 -0.428131 
0.58 -0.710315 -0.401074 
0.583993 -0.771467 -0.17 
0.57063 0.673621 0.415926 
0.678015 -0.678784 0.130654 
0.681157 -0.675596 0.165068 
0.72 -0.694214 0.144451 
0.851283 -0.282171 0.460388 
0.82087 -0.254535 0.52 
0.58 -0.75719 -0.297129 
0.58 -0.774645 0.0197566 
0.602158 -0.678202 -0.428294 
0.639698 -0.635284 -0.384077 
0.72 -0.620122 -0.349366 
0.58 -0.690309 -0.445613 
0.58 -0.708857 -0.383298 
0.58 -0.818251 0.0190589 
0.611925 -0.743276 0.0946253 
0.684761 -0.672209 0.132122 
0.600841 -0.638149 -0.397852 
0.72 -0.694214 0.14058 
0.859085 -0.334401 0.293972 
0.812793 -0.528134 0.11548 
0.584749 -0.65274 -0.399955 
0.58 -0.714009 -0.415575 
0.618581 0.676894 0.412943 
0.623833 -0.73225 -0.0573575 
0.707339 -0.577159 -0.420045 
0.652317 -0.65298 -0.385863 
0.641582 -0.714671 0.021668 
0.616742 -0.751769 0.00751033 
0.603333 -0.689159 -0.416315 
0.678015 -0.678784 0.130654 
0.58 -0.695794 -0.325058 
0.58 -0.707508 -0.393204 
0.606736 -0.749321 -0.17 
0.515577 0.723027 0.382351 
0.520324 -0.03 -0.848341 
0.523793 -0.292686 -0.797547 
0.681001 -0.594639 -0.432778 
0.836809 -0.298001 0.478615 
0.688623 -0.577905 -0.443767 
0.72 -0.561611 -0.422904 
0.82574 -0.300994 0.49947 
0.704449 -0.491138 0.506313 
0.77817 -0.455 0.432698 
0.986284 -0.0953342 -0.0273869 
0.562255 0.288421 -0.73271 
0.537728 0.259094 -0.75869 
0.548508 0.25732 -0.751163 
0.58 -0.271042 -0.757221 
0.44 -0.339274 -0.798838 
0.519313 0.171176 -0.838106 
0.912877 -0.299122 0.175 
0.557048 0.246611 -0.747671 
0.50273 -0.250385 -0.83511 
0.482751 0.166463 -0.824062 
0.544722 -0.282667 -0.79898 
0.45429 -0.225642 -0.837956 
0.44 -0.25875 -0.835717 
0.471516 0.173182 -0.830612 
0.537429 0.258559 -0.759053 
0.56619 -0.275042 -0.776473 
0.572925 0.269958 -0.744193 
0.537728 0.259094 -0.75869 
0.468461 -0.234962 -0.844973 
0.443521 -0.261948 -0.83494 
0.643026 0.26432 -0.738785 
0.503429 0.131375 -0.822812 
0.58 0.303137 -0.760643 
0.52662 0.303606 -0.755114 
0.58 0.192106 -0.774122 
0.631183 0.243311 -0.753456 
0.519525 -0.677114 -0.451514 
0.466461 -0.691457 -0.515 
0.626667 0.555714 -0.516604 
0.531994 0.353864 -0.737786 
0.58 0.344702 -0.717034 
0.58 0.518634 -0.599401 
0.518143 0.473887 -0.667434 
0.533333 -0.809844 0.141737 
0.58 0.373485 -0.696966 
0.58 -0.74487 -0.229415 
0.58 -0.632672 -0.448077 
0.58 -0.03 -0.820966 
0.58 0.253017 -0.728945 
0.58 0.265389 -0.754989 
0.51 0.175888 -0.801346 
0.569293 -0.716603 -0.300448 
0.530803 -0.691396 -0.432143 
0.58 -0.735279 -0.334295 
0.536164 -0.808152 0.0159042 
0.58 -0.804234 0.0311656 
0.58 0.1825 -0.747846 
0.560898 -0.829662 0.0467095 
0.53217 -0.810608 0.175 
0.58 -0.615404 -0.515 
0.560745 -0.748279 -0.251441 
0.58 -0.674916 -0.365749 
0.58 -0.598333 -0.515 
0.58 -0.709313 -0.355853 
0.527508 -0.63844 -0.515 
0.549099 -0.715632 -0.454501 
0.545274 -0.699971 -0.368628 
0.58 -0.805356 -0.17 
0.475712 -0.854347 0.0139675 
0.58 0.1825 -0.747846 
0.527184 -0.835269 -0.17 
0.472061 -0.857247 -0.0154932 
0.58 -0.0359899 -0.819962 
0.58 -0.271042 -0.757221 
0.58 0.343736 -0.721657 
0.58 -0.672287 -0.37087 
0.512407 -0.826846 -0.128953 
0.521047 -0.841503 0.105416 
0.510778 -0.827905 -0.0793595 
0.472775 -0.856681 -0.00989914 
1 0.058632 -0.115826 
0.565332 -0.812136 0.175 
0.51906 -0.821833 -0.147592 
0.525845 -0.834561 -0.17 
0.560868 -0.83356 0.0157692 
0.500733 -0.842568 -0.239326 
0.536384 -0.808369 -0.0868792 
0.486667 -0.855638 -0.188713 
0.555469 -0.818487 0.155847 
0.525845 -0.834561 -0.17 
0.509768 -0.828999 -0.165384 
0.46964 -0.818742 -0.249776 
0.469177 -0.748529 -0.445038 
0.520562 -0.835919 -0.17 
0.497105 -0.664569 -0.515 
0.505833 -0.677517 -0.515 
0.491744 -0.723831 -0.506557 
0.525845 -0.834561 -0.17 
0.512082 -0.830936 -0.17 
0.524 -0.817625 -0.032 
0.566757 -0.712575 -0.312072 
0.58 -0.775116 -0.105878 
0.556553 -0.713723 -0.325031 
0.561335 -0.66451 -0.443901 
0.570875 -0.748898 -0.345157 
0.535735 -0.761633 -0.343779 
0.547043 -0.69944 -0.38828 
0.529377 -0.688171 -0.515 
0.458134 -0.787646 -0.327513 
0.531724 -0.769511 -0.253276 
0.515185 -0.843015 -0.17 
0.487982 -0.855957 -0.189831 
0.486667 -0.851485 -0.181654 
0.489927 -0.839001 -0.281308 
0.533333 -0.848177 0.0815177 
0.58 0.174431 -0.757392 
0.511531 -0.708294 -0.406164 
0.525598 -0.819851 -0.259781 
0.527294 -0.830041 -0.219088 
0.496 -0.691978 -0.515 
0.58 -0.774832 -0.0300985 
0.52394 -0.817876 -0.0866377 
0.506751 -0.831157 -0.00333713 
0.51941 -0.822614 -0.17 
0.51286 -0.826594 -0.154037 
0.525117 -0.837388 -0.17 
0.511628 -0.81522 -0.250233 
0.449576 -0.697983 -0.515 
0.58 -0.774983 -0.0705154 
0.58 -0.774245 0.126539 
0.58 -0.774414 0.0813579 
0.58 -0.774417 0.0806641 
0.574678 -0.803363 -0.17 
0.545 -0.709097 -0.351248 
0.529467 -0.636943 -0.515 
0.58 -0.677249 -0.361201 
0.525845 -0.834561 -0.17 
0.525845 -0.834561 -0.17 
0.519008 -0.820956 0.0970664 
0.509834 -0.814109 -0.198955 
0.486667 -0.851485 -0.181654 
0.503424 -0.833841 -0.164081 
0.51 -0.827478 -0.268571 
0.514057 -0.825719 -0.164586 
0.58 -0.77424 0.127839 
0.550802 -0.80111 0.0081495 
0.550524 -0.797038 0.053884 
0.527252 -0.835605 -0.17 
0.51286 -0.826594 -0.154037 
0.58 0.237737 -0.733001 
0.58 0.237737 -0.733001 
0.52813 -0.835654 -0.170215 
0.526791 -0.834893 -0.182423 
0.86 -0.278455 0.443571 
0.525845 -0.834561 -0.17 
0.520127 -0.837756 -0.18975 
0.518963 -0.85522 -0.0275372 
0.516107 -0.836484 -0.218242 
0.508109 -0.844898 -0.187074 
0.485424 -0.852373 -0.176125 
0.478484 -0.779847 -0.320381 
0.525757 -0.689947 -0.515 
0.521836 -0.817795 -0.1739 
0.617426 0.436083 -0.619567 
0.52829 -0.835545 -0.170366 
0.502887 -0.657251 -0.515 
0.471055 -0.811898 -0.261007 
0.539154 -0.812316 -0.188368 
0.53719 -0.750042 -0.380991 
0.542152 -0.761394 -0.364559 
0.589849 0.237625 -0.723719 
0.562604 -0.686548 -0.473262 
0.529008 -0.71638 -0.365403 
0.500948 -0.730939 -0.374277 
0.803672 -0.482606 0.282761 
0.810356 -0.533604 0.19929 
0.72 -0.585646 0.275053 
0.72 -0.559259 0.325739 
0.72 -0.553337 0.337115 
0.698396 -0.603506 0.359709 
0.72 -0.576905 0.291844 
0.86 -0.325127 0.39672 
0.86 -0.262622 0.341984 
0.733258 -0.539855 0.348975 
0.753047 -0.586548 0.316942 
0.72 -0.637414 0.298896 
0.721303 -0.582993 0.353921 
0.773067 -0.58336 0.210755 
0.795544 -0.455 0.354266 
0.86 -0.262622 0.341984 
0.532937 -0.572602 -0.632792 
0.498379 -0.516586 -0.701913 
0.72 -0.558703 0.326807 
0.890356 -0.333451 0.316813 
0.882082 -0.266728 0.346705 
0.909132 -0.282947 0.254296 
0.86 -0.229524 0.409218 
0.896064 -0.144997 0.428813 
0.901628 -0.211668 0.398907 
0.890659 -0.187769 0.42477 
0.72 -0.578196 0.289365 
0.72 -0.533863 0.382751 
0.775277 -0.455 0.40034 
0.832601 -0.392826 0.313411 
0.86 -0.262622 0.341984 
0.86 -0.388182 0.269897 
0.780519 -0.373204 0.493615 
0.86 -0.251344 0.432204 
0.782146 -0.502289 0.293889 
0.773782 -0.348096 0.478342 
0.765692 -0.37331 0.47914 
0.6562 -0.612067 0.453415 
0.58 -0.735581 0.24892 
0.58 -0.716378 0.285807 
0.58 -0.726931 0.280951 
0.58 -0.750844 0.242944 
0.682383 -0.568479 0.441499 
0.627215 -0.706586 0.2163 
0.65 -0.6675 0.268084 
0.65 -0.6175 0.411787 
0.58 -0.738333 0.243633 
0.72 -0.558137 0.351314 
0.601829 -0.702917 0.270833 
0.68 -0.631753 0.261308 
0.649045 -0.687983 0.32585 
0.72 -0.597069 0.253112 
0.817663 -0.278572 0.52 
0.72 -0.576752 0.292137 
0.72 -0.676889 0.186935 
0.58 -0.273327 -0.763719 
0.617786 -0.271497 -0.752513 
0.616363 -0.271914 -0.753924 
0.58 -0.271042 -0.757221 
0.58 -0.663639 0.387111 
0.533333 -0.689981 0.405 
0.58 -0.748539 0.264188 
0.772982 -0.535923 0.329333 
0.72 -0.645153 0.230866 
0.72 -0.600046 0.247393 
0.682131 -0.671418 0.196967 
0.551765 -0.28632 -0.779796 
0.607482 -0.273686 -0.760374 
0.58 -0.403816 -0.712375 
0.58 -0.273327 -0.763719 
0.72 -0.595947 0.3875 
0.72 -0.595947 0.3875 
0.58 -0.520523 -0.629649 
0.572737 -0.786166 0.26125 
0.58 -0.736652 0.267458 
0.631745 -0.530056 -0.578847 
0.560441 -0.639115 -0.535726 
0.487433 -0.704655 -0.515 
0.72 -0.543539 0.355937 
0.72 -0.606432 0.276206 
0.44 -0.455 -0.758018 
0.493288 -0.455 -0.718488 
0.58 -0.714573 0.289273 
0.58 -0.724953 0.269336 
0.58 -0.720247 0.278374 
0.58 -0.719155 0.281219 
0.617183 -0.285993 -0.742614 
0.58 -0.347543 -0.752265 
0.773645 -0.559763 0.313 
0.721844 -0.582634 0.388489 
0.72 -0.596667 0.283634 
0.50584 -0.763679 0.303787 
0.627312 -0.540456 -0.571617 
0.58 -0.517532 -0.631769 
0.499604 -0.537522 -0.686031 
0.491183 -0.683669 -0.515 
0.58 -0.723914 0.271331 
0.58 -0.749461 0.222258 
0.580245 -0.581396 -0.582177 
0.773367 -0.558225 0.318105 
0.72 -0.595947 0.3875 
0.72 -0.606916 0.342325 
0.58 -0.275806 -0.770766 
0.537243 -0.290927 -0.789578 
0.752644 -0.365122 0.514516 
0.748229 -0.419111 0.496092 
0.772847 -0.348587 0.52 
0.72 -0.674702 0.203122 
0.58 -0.546208 -0.611442 
0.464619 -0.645898 -0.560899 
0.479691 -0.688834 -0.515 
0.72 -0.627692 0.319671 
0.59589 -0.461246 -0.658142 
0.58 -0.635102 -0.515 
0.58 -0.574097 -0.591673 
0.58 -0.481087 -0.657602 
0.541908 -0.675035 -0.515 
0.485781 -0.5008 -0.723827 
0.48375 -0.690582 -0.515 
0.58 -0.573524 -0.590501 
0.455554 -0.419116 -0.789954 
0.44 -0.41793 -0.771094 
0.609211 -0.455 -0.65123 
0.487366 -0.455 -0.754943 
0.53942 0.624273 0.52 
0.58 0.60143 0.512681 
0.556609 0.767994 0.320772 
0.538315 0.734776 0.360947 
0.533333 0.756526 0.297728 
0.58 0.73474 0.314279 
0.549277 0.774202 0.320135 
0.58 0.723221 0.333516 
0.44 -0.455 -0.762986 
0.44 -0.43662 -0.764501 
0.44 -0.455 -0.759736 
0.58 -0.489983 -0.651297 
0.459214 -0.582656 -0.619823 
0.44 -0.455 -0.771143 
0.445674 -0.700964 -0.515 
0.443863 -0.455 -0.763115 
0.44 -0.522183 -0.715645 
0.452718 -0.738727 -0.515 
0.44 -0.428659 -0.767309 
0.44 -0.455 -0.758018 
0.58881 0.619468 0.452365 
0.58 0.689195 0.449199 
0.58 0.707542 0.373635 
0.58 0.688713 0.397754 
0.58 -0.469815 -0.63978 
0.44 -0.605171 -0.612698 
0.497498 -0.704884 -0.518856 
0.58 0.707887 0.35657 
0.58 0.716794 0.393344 
0.44 -0.4563 -0.756756 
0.557032 -0.455 -0.690197 
0.522724 0.721609 0.374341 
0.536698 0.682797 0.421683 
0.531955 0.760161 0.293397 
0.534261 0.761476 0.287713 
0.543688 0.747368 0.298541 
0.533333 0.756526 0.297728 
0.542345 0.82 -0.0283927 
0.542188 0.82 0.00358505 
0.58 0.819908 0.0567665 
0.58 0.82 0.0791442 
0.58 0.729915 0.330363 
0.44 -0.477204 -0.73646 
0.58 0.681801 0.398269 
0.537194 0.684231 0.418449 
0.539712 0.801811 0.209199 
0.58 0.765207 0.284561 
0.58 0.774623 0.263404 
0.58 0.778314 0.255111 
0.64529 0.732107 0.240386 
0.58 0.724569 0.285106 
0.598961 0.733079 0.255345 
0.58 0.666212 0.416425 
0.53555 0.733836 0.334142 
0.58 0.699221 0.364115 
0.58 0.728623 0.36113 
0.58 0.733787 0.325781 
0.463333 -0.659376 -0.542336 
0.44 -0.631416 -0.586734 
0.762474 -0.330306 0.52 
0.776488 -0.331207 0.504564 
0.8168 -0.148259 0.52 
0.94906 -0.03 0.270617 
0.550414 0.82 0.0561332 
0.541901 0.82 0.0621774 
0.58 0.816498 0.102826 
0.58 0.815531 0.108714 
0.58 0.819971 0.0580393 
0.58 0.788277 0.232725 
0.58 0.788465 -0.0470134 
0.58 0.788465 -0.0470134 
0.596051 0.801904 -0.0509115 
0.58 0.816911 0.100314 
0.541348 0.82 0.175 
0.86 -0.199445 -0.38667 
0.839527 -0.211122 -0.425626 
0.86 -0.151773 -0.440148 
0.58 0.794184 0.0355231 
0.542962 0.819731 -0.0887866 
0.58 0.817202 0.00242019 
0.86 -0.213639 0.468543 
0.940173 -0.0303755 0.289491 
0.93453 -0.00884957 0.293746 
0.958676 0.0942106 0.175 
0.928221 -0.0586469 0.30175 
0.936478 -0.000856971 0.284336 
0.934531 -0.00884903 0.293745 
0.959874 0.0881053 0.175 
0.58875 0.809346 0.116734 
0.58 0.817172 0.0320298 
0.626683 0.783146 0.0568591 
0.541385 0.82 0.167364 
0.54616 0.82 -0.0625226 
0.58 0.819624 0.0510599 
0.854488 -0.28902 -0.335962 
0.954151 -0.14439 -0.17 
0.997796 -0.0520906 -0.0874182 
1 -0.0130175 -0.0459546 
0.958206 -0.128837 -0.17 
1 0.0202051 -0.10439 
0.541727 0.82 0.0977002 
0.541714 0.82 0.100243 
0.54161 0.82 0.12149 
0.541855 0.82 0.0714966 
0.86 -0.21394 -0.376408 
0.84681 -0.225142 -0.398899 
0.847276 -0.223355 -0.399089 
0.84616 -0.223103 -0.401843 
0.847426 -0.208499 -0.409263 
0.86 -0.211787 -0.377932 
0.541955 0.82 0.0511768 
1 0.0601159 -0.0705377 
0.86 -0.173742 -0.404869 
0.86 -0.197462 -0.390297 
0.832833 -0.180055 -0.463061 
0.86 -0.161089 -0.433977 
0.840222 -0.234923 -0.407171 
0.936771 -0.00409352 0.285252 
0.913245 0.0240585 -0.428534 
0.949879 0.0376139 -0.320027 
0.87586 -0.247298 -0.309725 
0.933237 -0.09228 -0.360051 
0.871471 -0.213854 -0.34532 
0.9251 -0.211792 -0.260849 
0.912978 -0.03 -0.396747 
0.938242 -0.03 -0.372881 
0.920455 -0.133235 -0.371199 
0.86 -0.164261 -0.424882 
0.927181 -0.245673 0.0384414 
0.925338 -0.252517 0.06 
0.72 0.607761 -0.364743 
0.961746 -0.115262 -0.17 
0.998946 -0.03 -0.124914 
0.978001 0.115439 0.0491464 
0.542418 0.82 -0.0431968 
0.84338 -0.198736 -0.425507 
0.84903 -0.156249 -0.442558 
0.72 0.600517 -0.372676 
0.86 -0.221858 -0.370801 
0.916875 -0.118614 -0.33862 
0.94575 -0.190638 -0.17 
0.88642 -0.204607 -0.33171 
0.944789 -0.191404 -0.206831 
0.937964 -0.204611 0.0100548 
0.924442 -0.256815 -0.0235435 
0.86 0.187477 -0.477581 
0.86 0.133178 -0.496603 
0.939852 0.0605686 -0.357291 
0.963342 -0.108121 -0.070919 
0.945868 -0.175208 -0.0781545 
0.950259 -0.159316 -0.17 
0.96939 -0.0845839 -0.0377022 
0.891805 -0.0450856 -0.465378 
0.86 -0.286829 -0.3248 
0.884157 -0.277591 -0.265747 
0.86 0.0636039 -0.520975 
0.86 0.0787808 -0.515659 
0.72 0.201386 -0.673482 
0.72 0.178387 -0.680965 
0.758211 0.317016 -0.571682 
0.783557 -0.00915631 -0.627756 
0.961312 0.0808708 0.16835 
0.966139 0.0962352 0.158258 
0.942763 -0.1873 -0.0957933 
0.928965 -0.239859 -0.0613714 
0.938829 -0.20063 0.07442 
0.937049 -0.207734 0.0477266 
0.943809 -0.183038 -0.0717122 
0.954009 -0.143044 0.0135704 
0.812621 0.182241 -0.513231 
0.841675 0.0509587 -0.515 
0.935859 0.100896 -0.356472 
0.86 -0.0340932 -0.503744 
0.990869 -0.0788608 -0.17 
0.979709 -0.0918039 -0.17 
0.823423 -0.0158513 -0.557988 
0.752188 0.0160613 -0.63 
0.829504 -0.172065 -0.515 
0.988189 0.0194775 0.0162535 
0.963292 -0.106965 0.0599898 
0.599194 0.17187 -0.732338 
0.688583 0.395 -0.616572 
0.60026 0.164473 -0.733294 
0.831445 0.0808113 -0.515 
0.749648 -0.03 -0.637641 
0.78392 -0.03 -0.606838 
0.858339 -0.0398925 -0.515 
1 -0.03 -0.0164347 
0.937659 0.00590663 -0.35716 
0.967277 -0.03 -0.258202 
0.924615 -0.150703 -0.323393 
0.86 -0.174564 -0.404287 
0.624314 0.395 -0.649358 
0.629606 0.444506 -0.604111 
0.676125 0.454676 -0.60125 
0.651607 0.469658 -0.610786 
1 0.0134479 0.0134224 
0.856538 -0.116258 -0.454205 
0.971231 0.0322191 0.0301695 
0.971264 0.0322089 0.018555 
0.909413 -0.013187 -0.363512 
0.982636 -0.03 -0.197538 
0.889913 -0.122221 -0.362095 
0.915524 -0.184858 -0.323549 
0.86 -0.141814 -0.427475 
0.86 -0.205066 -0.38269 
0.914589 -0.1873 -0.31188 
0.58 0.230334 -0.734966 
0.58 0.230334 -0.734966 
0.934814 0.0128618 -0.375 
0.769151 -0.0942417 -0.592571 
0.961483 -0.113715 0.0779455 
0.98272 -0.0638382 -0.00506934 
0.966085 0.0567681 0.152447 
0.968162 0.087616 0.0398073 
0.860294 -0.0105639 -0.515 
0.86 0.00615645 -0.487376 
0.850933 -0.145165 -0.515 
0.926077 -0.0496899 -0.365271 
0.996046 -0.0784268 -0.0547498 
1 -0.0587577 0.00465542 
0.851971 -0.135426 -0.515 
0.936079 -0.03 -0.381421 
0.996248 -0.0752721 -0.058905 
0.996454 -0.0762338 -0.0491773 
0.921527 0.111792 0.265187 
0.823428 -0.137337 -0.515 
0.58 0.442144 -0.649596 
0.463619 0.676597 -0.528759 
0.618463 0.435599 -0.619014 
0.58 0.500323 -0.651367 
0.584799 0.498843 -0.648401 
0.603096 0.52162 -0.607335 
0.571481 0.46378 -0.657993 
0.567392 0.471548 -0.670348 
0.491426 0.523143 -0.643728 
0.441515 0.613048 -0.601311 
0.939012 0.0915547 0.229021 
0.936166 -0.03 -0.381078 
0.72 0.0409611 -0.669383 
0.783636 -0.00350675 -0.591552 
0.792686 -0.0282163 -0.612494 
0.846335 -0.03 -0.533584 
0.667129 0.208183 -0.699229 
0.592092 0.235074 -0.722276 
0.58 0.755355 -0.318667 
0.58 0.631895 -0.515 
0.58 0.667628 -0.473622 
0.58 0.631895 -0.515 
0.58 0.633268 -0.51341 
0.627412 0.629644 -0.434948 
0.58 0.742156 -0.351336 
0.58 0.743661 -0.34761 
0.932369 0.0240485 0.282252 
0.72 0.0368529 -0.658438 
0.934719 0.0582306 0.258013 
0.945059 0.0587192 0.230082 
0.742186 -0.03 -0.646216 
0.775385 -0.0609262 -0.597158 
0.759093 -0.0806779 -0.608913 
0.858998 -0.03 -0.515 
0.58 0.753526 -0.323193 
0.58 0.793852 -0.223384 
0.594954 0.440396 -0.640166 
0.6059 0.51906 -0.60709 
0.58 0.472638 -0.6623 
0.58 0.230671 -0.734876 
0.58 0.265238 -0.732678 
0.72 -0.03 -0.671709 
0.506661 0.751146 -0.346297 
0.49666 0.82 -0.239061 
0.58 0.631594 -0.449143 
0.58 0.685159 -0.453321 
0.554545 0.652464 -0.515 
0.554545 0.654864 -0.515 
0.58 0.64857 -0.419032 
0.558642 0.781276 -0.303211 
0.58 0.739517 -0.357868 
0.58 0.431808 -0.658729 
0.572948 0.455016 -0.658962 
0.550911 0.435767 -0.697336 
0.659759 0.464857 -0.607435 
0.608681 0.485782 -0.595447 
0.632517 0.494848 -0.604685 
0.58 0.517983 -0.582582 
0.682119 0.464471 -0.583875 
0.613453 0.537902 -0.580696 
0.920388 -0.161388 0.257458 
0.520404 0.711959 -0.39534 
0.528295 0.82 -0.238811 
0.712712 0.618518 -0.354736 
0.906463 -0.154941 0.296763 
0.593531 0.514346 -0.588828 
0.622057 0.490752 -0.609733 
0.603981 0.486415 -0.587804 
0.831426 -0.203106 0.52 
0.86 -0.111747 0.4999 
0.676886 0.647324 -0.365132 
0.630196 0.643789 -0.448777 
0.60189 0.68249 -0.317326 
0.68372 0.648255 -0.347244 
0.86 -0.0994979 0.50367 
0.468186 0.789113 -0.336245 
0.542271 0.67397 -0.450999 
0.576564 0.743855 -0.25514 
0.58 0.47102 -0.624081 
0.555605 0.749402 -0.389027 
0.527018 0.742407 -0.441598 
0.531136 0.721969 -0.405414 
0.468726 0.779987 -0.351628 
0.514332 0.82 -0.212747 
0.508925 0.73617 -0.369489 
0.562652 0.566545 -0.585134 
0.58 -0.694601 0.415116 
0.58 -0.668762 0.433398 
0.635784 -0.676585 0.375435 
