finger1_BaseJoint finger2_BaseJoint finger3_BaseJoint brick_translate_y_joint finger1_MidJoint finger2_MidJoint finger3_MidJoint brick_translate_z_joint brick_revolute_x_joint 
-8.51456956e-01 -8.25500156e-01 -5.47056994e-01 -3.84405482e-03 1.28180284e+00  1.19242291e+00  1.46477902e+00  1.37440783e-03 4.30361305e-01
-1.00773289 -0.67089431 -0.26101569 -0.02295728  1.39363749  0.41267644 1.29761032  0.0084132   0.01230061
Finger 2 hits singularity in the next posture
-0.95542272 -0.56368991 -0.33514429 -0.00166309  1.43608785  0.45248293 1.54075994 -0.01886812 -0.39001302
-0.83324846 -0.61592855 -0.26129394 -0.00758204  1.51222814  0.62261511 1.53756058 -0.00311375 -0.2526969 
-0.7797856  -0.58789288 -0.30271572  0.01474715  1.45334985  0.55081504 1.43373172 -0.00499567  0.07677223
-0.85328611 -0.68652713 -0.22608036 -0.00377443  1.398755    0.45789224 1.38467541  0.00347609  0.17592777
-8.51066191e-01 -6.82392714e-01 -3.46523281e-01  2.55009237e-04 1.40510703e+00  6.67180022e-01  1.39994575e+00  1.47004356e-03 1.90202377e-02
-0.75478291 -0.68692433 -0.20277949  0.02118441  1.40183013  0.50922269 1.45000598  0.01596659  0.16392103
Finger 2 hits singularity in the next posture.
-0.87175086 -0.70599864 -0.2397596   0.03012893  1.49047572  0.71188931 1.36397476 -0.00238521  0.03001099
QP fails at the beginning
-0.87381407 -0.69934699 -0.27478817  0.04961955  1.47062622  0.58725203 1.46163667 -0.00338988  0.07453371
Finger 2 hits singularity in the next posture.
-0.92909925 -0.6073849  -0.18996654  0.02217095  1.32724889  0.53536231 1.38565425 -0.00427472  0.08660963 
Finger 2 hits singularity in the next posture.
-0.87459901 -0.6205668  -0.23437751  0.01541503  1.42275835  0.43358147 1.37323664  0.00752982  0.00985888 
QP fails at the beginning in the next posture.
-0.82908176 -0.67789759 -0.21582901  0.01210241  1.5021249   0.48445672 1.43468902 -0.01949069  0.04813713  
-0.86220512 -0.6415351  -0.24465252 -0.01071509  1.40756606  0.62295941 1.4801725  -0.00197258 -0.05727116
-0.87208214 -0.61813171 -0.25661522 -0.00337111  1.4296652   0.5523871 1.40965109 -0.0036114   0.0060466
-0.87129999 -0.53453517 -0.27684405 -0.01232705  1.4296652   0.58747872 1.37392694 -0.00941691  0.04406949
-0.56987375 -0.71758072 -0.35533054  0.00767295  1.12269439  1.17400826 1.33540847 -0.00941691 -0.11301015
-0.87129999 -0.53453517 -0.27684405 -0.01232705  1.4296652   0.58747872 1.37392694 -0.00941691  0.04406949
-1.09470181 -0.642709   -0.34024114 -0.03000703  1.56962698  0.44711854 0.8227696   0.02187682 -0.12208706
 1.24467071 -0.11031167 -0.28495776 -0.04473609 -1.44803293 -0.62634618 0.85205071  0.02471889  5.71167554
1.23997906 -1.08241524  0.72039447 -0.0194675  -0.852491    0.08414118 -0.16822689  0.07300276  5.20163858
1.01711499  0.54441757 -0.42439487 -0.02459475 -1.14700342 -1.54974941 1.25494138  0.01331869  5.78514933
1.14409696  0.56638526  0.85535274 -0.01832759 -1.12311434 -1.48317692 1.2263972   0.032375    5.50342191
1.31450371  0.60335868 -0.16226649 -0.01198167 -1.30788162 -1.570796   0.73630202  0.03074436  5.52863836
0.676011665   0.773689219  -0.775978782   0.00708281492 -1.20854638  -1.57248575   1.57837803   0.00122566563 5.64547558
